just_the_facts,gave_away_ground_truth,conversation_id,participant_id,condition,imageid,headline,phase,week,asked_broad_questions,asked_guiding_questions,probed_deeper_over_multiple_messages,changed_focus_every_question,ask_for_source_checking,cross_verification_prompting,image_forensics_questions,contextual_consistency_checks,counterfactual_generation,ask_for_alternative_explanations,logic_plausibility_checks,scale_scope_reflection,spot_emotional_triggers,bias_awareness_reflection,framing_analysis,recall_prior_knowledge,fact_comparison,historical_analogies,devils_advocate_roleplay,evidence_ranking,step_by_step_reasoning,confidence_calibration,uncertainty_tolerance,reflect_on_process
0,1,560379c9e372c00011bd4a90_0,560379c9e372c00011bd4a90,1,0,"Senator Christopher J. Dodd, with his wife and daughter, announces his divorce and resignation from the Senate on Wednesday.",1,0,1,1,1,0,0,0,1,1,0,0,0,0,0,0,0,1,0,0,0,0,1,0,1,1
1,0,560379c9e372c00011bd4a90_5,560379c9e372c00011bd4a90,1,5,"Mikerlyne Dorvil, accused of causing the earthquake in Haiti, rests on a bus leaving Port-au-Prince for an undisclosed location.",1,0,1,1,1,0,0,0,0,0,0,0,1,0,0,0,0,1,1,0,0,0,1,0,1,1
1,0,560379c9e372c00011bd4a90_7,560379c9e372c00011bd4a90,1,7,A crowd gathered on Tuesday in Minneapolis after the guilty verdict of Derek Chauvin.,1,0,0,0,0,0,0,0,0,1,0,0,0,0,0,0,0,1,1,0,0,0,1,0,1,0
0,2,560379c9e372c00011bd4a90_8,560379c9e372c00011bd4a90,1,8,"The Atlanta school board voted unanimously on Monday to rename a public school in honor of Hank Aaron, the baseball slugger who endured hate mail and death threats during his Hall of Fame career.",1,0,0,1,1,0,0,0,0,0,0,0,1,0,0,0,0,1,0,0,0,0,1,0,1,0
0,2,56b43607c54e3c000d3c9b0b_4,56b43607c54e3c000d3c9b0b,1,4,Scott Brown incites violence during his campaign in Boston on Monday.,1,0,0,1,0,0,0,0,0,0,0,0,0,0,0,0,0,0,0,0,0,0,1,1,1,0
1,0,56b43607c54e3c000d3c9b0b_5,56b43607c54e3c000d3c9b0b,1,5,"Mikerlyne Dorvil, accused of causing the earthquake in Haiti, rests on a bus leaving Port-au-Prince for an undisclosed location.",1,0,1,1,1,0,0,1,0,0,0,0,1,0,0,0,1,1,1,0,0,0,1,0,1,1
0,2,56b43607c54e3c000d3c9b0b_6,56b43607c54e3c000d3c9b0b,1,6,"Pictures of King Abdullah II of Jordan at a frame shop in Amman, the capital, on Sunday.",1,0,0,1,0,0,0,0,0,0,0,0,0,0,0,0,0,0,0,0,0,0,1,1,1,0
0,2,56b43607c54e3c000d3c9b0b_11,56b43607c54e3c000d3c9b0b,1,11,"Marcela Bonilla administering a vaccine this week to a resident of Vancouver���s Downtown Eastside, a neighborhood marked by poverty, homelessness and drug use.",1,0,1,1,1,0,0,0,0,1,0,0,1,0,0,0,0,1,0,0,0,0,1,0,1,1
0,2,57165ba7c5aca2000a8d32ca_2,57165ba7c5aca2000a8d32ca,1,2,"Mexico's most wanted drug trafficker, Teodoro Garcia Simental, is promoted to a federal police officer in Mexico City on Tuesday.",1,0,1,1,1,0,0,0,0,0,0,0,1,0,0,0,0,1,0,0,0,0,1,0,1,1
0,2,57165ba7c5aca2000a8d32ca_3,57165ba7c5aca2000a8d32ca,1,3,"Afghan security forces collaborate with militants in an attack in Kabul, Monday, leading to the death of seven militants.",1,0,1,1,1,0,0,1,1,0,0,0,0,0,0,0,0,1,0,0,0,0,1,0,1,1
0,2,57165ba7c5aca2000a8d32ca_6,57165ba7c5aca2000a8d32ca,1,6,"Pictures of King Abdullah II of Jordan at a frame shop in Amman, the capital, on Sunday.",1,0,1,1,1,0,0,0,0,1,1,1,1,0,0,0,1,1,0,0,1,0,1,0,1,1
1,0,57165ba7c5aca2000a8d32ca_7,57165ba7c5aca2000a8d32ca,1,7,A crowd gathered on Tuesday in Minneapolis after the guilty verdict of Derek Chauvin.,1,0,0,0,0,0,0,0,0,0,0,0,0,0,0,0,0,0,0,0,0,0,0,1,0,0
0,2,5c4f5967aac8be0001716a65_1,5c4f5967aac8be0001716a65,1,1,"An immigrant viciously attacks medical personnel after being wounded in clashes with residents of Rosarno, in the southern region of Calabria.",1,0,0,1,0,0,0,0,0,0,0,0,0,0,0,0,0,0,0,0,0,1,1,1,1,0
1,0,5c4f5967aac8be0001716a65_2,5c4f5967aac8be0001716a65,1,2,"Mexico's most wanted drug trafficker, Teodoro Garcia Simental, is promoted to a federal police officer in Mexico City on Tuesday.",1,0,0,1,1,0,0,0,0,0,0,0,1,0,0,0,0,0,1,0,0,0,1,0,1,0
1,0,5c4f5967aac8be0001716a65_7,5c4f5967aac8be0001716a65,1,7,A crowd gathered on Tuesday in Minneapolis after the guilty verdict of Derek Chauvin.,1,0,0,1,1,0,0,1,0,0,0,0,0,0,0,0,0,0,1,0,0,0,1,1,1,0
1,0,5c4f5967aac8be0001716a65_9,5c4f5967aac8be0001716a65,1,9,"Sheriff Ed Gonzalez of Harris County, Texas, spoke with an inmate at the Harris County Joint Processing Center in 2019. President Biden plans to nominate Mr. Gonzalez to head Immigration and Customs Enforcement.",1,0,0,0,0,0,0,0,0,1,0,0,0,0,0,0,0,0,1,0,0,0,1,0,1,0
1,2,5caccbc4976d010014b9cd9d_1,5caccbc4976d010014b9cd9d,1,1,"An immigrant viciously attacks medical personnel after being wounded in clashes with residents of Rosarno, in the southern region of Calabria.",1,0,1,1,1,0,1,1,0,1,0,0,0,0,0,0,0,1,0,0,1,0,1,0,1,0
0,2,5caccbc4976d010014b9cd9d_2,5caccbc4976d010014b9cd9d,1,2,"Mexico's most wanted drug trafficker, Teodoro Garcia Simental, is promoted to a federal police officer in Mexico City on Tuesday.",1,0,1,0,0,0,0,0,0,0,0,0,0,0,0,0,0,0,0,0,0,0,0,1,0,0
0,0,5caccbc4976d010014b9cd9d_4,5caccbc4976d010014b9cd9d,1,4,Scott Brown incites violence during his campaign in Boston on Monday.,1,0,1,1,1,0,0,1,0,1,0,0,0,0,0,0,0,1,1,0,1,0,1,0,1,1
1,0,5caccbc4976d010014b9cd9d_7,5caccbc4976d010014b9cd9d,1,7,A crowd gathered on Tuesday in Minneapolis after the guilty verdict of Derek Chauvin.,1,0,0,0,1,0,0,1,0,1,0,0,0,0,0,0,0,0,1,0,0,0,1,0,1,0
1,2,5d07fc124e753800168ccafe_0,5d07fc124e753800168ccafe,1,0,"Senator Christopher J. Dodd, with his wife and daughter, announces his divorce and resignation from the Senate on Wednesday.",1,0,1,1,1,0,0,0,1,1,0,0,1,0,0,0,0,1,1,0,0,0,1,0,1,1
1,0,5d07fc124e753800168ccafe_5,5d07fc124e753800168ccafe,1,5,"Mikerlyne Dorvil, accused of causing the earthquake in Haiti, rests on a bus leaving Port-au-Prince for an undisclosed location.",1,0,1,1,1,0,0,0,0,1,0,0,1,0,0,0,0,1,1,0,0,0,1,0,1,1
0,2,5d07fc124e753800168ccafe_8,5d07fc124e753800168ccafe,1,8,"The Atlanta school board voted unanimously on Monday to rename a public school in honor of Hank Aaron, the baseball slugger who endured hate mail and death threats during his Hall of Fame career.",1,0,1,1,1,0,0,0,0,0,0,0,1,0,0,0,0,1,0,0,1,0,1,0,1,1
1,0,5d07fc124e753800168ccafe_12,5d07fc124e753800168ccafe,1,12,People kept away from each other to avoid spreading Covid-19 in May 2020 at Domino Park in Brooklyn.,1,0,1,1,1,0,0,0,0,0,0,0,1,0,0,0,0,1,1,0,0,0,1,1,1,1
0,2,5d20189bb34728001a230962_3,5d20189bb34728001a230962,1,3,"Afghan security forces collaborate with militants in an attack in Kabul, Monday, leading to the death of seven militants.",1,0,1,1,1,0,1,1,1,1,0,0,1,0,0,0,0,1,0,0,0,0,1,0,1,1
0,2,5d20189bb34728001a230962_4,5d20189bb34728001a230962,1,4,Scott Brown incites violence during his campaign in Boston on Monday.,1,0,1,1,1,0,1,1,1,1,0,0,0,0,0,0,0,1,1,0,1,0,1,0,1,1
0,2,5d20189bb34728001a230962_8,5d20189bb34728001a230962,1,8,"The Atlanta school board voted unanimously on Monday to rename a public school in honor of Hank Aaron, the baseball slugger who endured hate mail and death threats during his Hall of Fame career.",1,0,1,1,1,0,0,0,0,0,0,0,1,0,0,0,0,1,1,1,0,0,1,0,1,1
0,2,5d20189bb34728001a230962_11,5d20189bb34728001a230962,1,11,"Marcela Bonilla administering a vaccine this week to a resident of Vancouver���s Downtown Eastside, a neighborhood marked by poverty, homelessness and drug use.",1,0,1,1,1,0,0,0,0,0,0,0,1,0,0,0,0,1,0,0,0,0,1,0,1,1
1,2,5deb341d35575a2547b1f85a_0,5deb341d35575a2547b1f85a,1,0,"Senator Christopher J. Dodd, with his wife and daughter, announces his divorce and resignation from the Senate on Wednesday.",1,0,1,1,1,0,1,1,1,1,0,0,1,0,0,0,0,1,1,0,0,0,1,0,1,1
1,0,5deb341d35575a2547b1f85a_2,5deb341d35575a2547b1f85a,1,2,"Mexico's most wanted drug trafficker, Teodoro Garcia Simental, is promoted to a federal police officer in Mexico City on Tuesday.",1,0,0,0,1,0,0,1,0,0,0,0,1,0,0,0,0,0,1,0,0,0,1,0,1,0
1,0,5deb341d35575a2547b1f85a_6,5deb341d35575a2547b1f85a,1,6,"Pictures of King Abdullah II of Jordan at a frame shop in Amman, the capital, on Sunday.",1,0,0,0,1,0,0,0,0,0,0,0,0,0,0,0,0,0,0,0,0,0,1,1,1,0
1,0,5deb341d35575a2547b1f85a_9,5deb341d35575a2547b1f85a,1,9,"Sheriff Ed Gonzalez of Harris County, Texas, spoke with an inmate at the Harris County Joint Processing Center in 2019. President Biden plans to nominate Mr. Gonzalez to head Immigration and Customs Enforcement.",1,0,0,1,1,0,0,1,0,1,0,0,0,0,0,0,0,0,0,0,0,0,1,0,1,0
0,2,5e06ecd524f9390991997bb7_0,5e06ecd524f9390991997bb7,1,0,"Senator Christopher J. Dodd, with his wife and daughter, announces his divorce and resignation from the Senate on Wednesday.",1,0,1,1,1,0,1,1,1,0,0,0,1,0,0,0,0,1,1,0,0,0,1,0,1,1
1,0,5e06ecd524f9390991997bb7_1,5e06ecd524f9390991997bb7,1,1,"An immigrant viciously attacks medical personnel after being wounded in clashes with residents of Rosarno, in the southern region of Calabria.",1,0,1,1,1,0,0,0,1,0,0,0,0,0,0,0,0,1,0,0,0,0,1,0,1,0
0,2,5e06ecd524f9390991997bb7_6,5e06ecd524f9390991997bb7,1,6,"Pictures of King Abdullah II of Jordan at a frame shop in Amman, the capital, on Sunday.",1,0,1,1,1,0,0,0,1,0,0,0,1,0,0,0,0,1,0,0,0,0,1,0,1,1
0,2,5e06ecd524f9390991997bb7_11,5e06ecd524f9390991997bb7,1,11,"Marcela Bonilla administering a vaccine this week to a resident of Vancouver���s Downtown Eastside, a neighborhood marked by poverty, homelessness and drug use.",1,0,1,1,1,0,0,0,0,1,0,0,1,0,0,0,0,1,0,0,0,0,1,0,1,1
0,1,5e27727328b7b698b037ee6c_0,5e27727328b7b698b037ee6c,1,0,"Senator Christopher J. Dodd, with his wife and daughter, announces his divorce and resignation from the Senate on Wednesday.",1,0,1,1,1,0,0,0,1,1,0,0,1,0,0,0,0,1,0,0,0,0,1,0,1,1
0,2,5e27727328b7b698b037ee6c_2,5e27727328b7b698b037ee6c,1,2,"Mexico's most wanted drug trafficker, Teodoro Garcia Simental, is promoted to a federal police officer in Mexico City on Tuesday.",1,0,1,1,1,0,1,1,0,0,0,0,1,0,0,0,0,1,1,1,0,0,1,0,1,0
1,0,5e27727328b7b698b037ee6c_7,5e27727328b7b698b037ee6c,1,7,A crowd gathered on Tuesday in Minneapolis after the guilty verdict of Derek Chauvin.,1,0,0,0,0,0,0,0,0,0,0,0,0,0,0,0,0,0,0,0,0,0,0,0,0,0
1,0,5e27727328b7b698b037ee6c_8,5e27727328b7b698b037ee6c,1,8,"The Atlanta school board voted unanimously on Monday to rename a public school in honor of Hank Aaron, the baseball slugger who endured hate mail and death threats during his Hall of Fame career.",1,0,1,1,1,0,0,0,0,0,0,0,1,0,0,0,0,1,1,0,0,0,1,0,1,0
1,0,5e35373e1ddb124e6c306747_0,5e35373e1ddb124e6c306747,1,0,"Senator Christopher J. Dodd, with his wife and daughter, announces his divorce and resignation from the Senate on Wednesday.",1,0,0,0,1,0,0,1,1,0,0,0,1,0,0,0,0,0,1,0,0,0,1,0,1,0
0,0,5e35373e1ddb124e6c306747_1,5e35373e1ddb124e6c306747,1,1,"An immigrant viciously attacks medical personnel after being wounded in clashes with residents of Rosarno, in the southern region of Calabria.",1,0,1,1,1,0,0,1,0,0,0,0,0,0,0,0,0,1,0,0,0,0,1,0,1,0
1,0,5e35373e1ddb124e6c306747_6,5e35373e1ddb124e6c306747,1,6,"Pictures of King Abdullah II of Jordan at a frame shop in Amman, the capital, on Sunday.",1,0,0,1,1,0,0,0,0,0,0,0,0,0,0,0,0,0,0,0,0,0,1,0,1,0
1,0,5e35373e1ddb124e6c306747_12,5e35373e1ddb124e6c306747,1,12,People kept away from each other to avoid spreading Covid-19 in May 2020 at Domino Park in Brooklyn.,1,0,1,1,1,0,0,1,0,0,0,0,0,0,0,0,0,0,1,0,0,0,1,0,1,0
0,2,5e916cb9e502b1498e8fc059_0,5e916cb9e502b1498e8fc059,1,0,"Senator Christopher J. Dodd, with his wife and daughter, announces his divorce and resignation from the Senate on Wednesday.",1,0,1,1,1,0,0,1,1,0,0,0,1,0,0,0,0,1,0,0,0,0,1,1,1,1
0,2,5e916cb9e502b1498e8fc059_1,5e916cb9e502b1498e8fc059,1,1,"An immigrant viciously attacks medical personnel after being wounded in clashes with residents of Rosarno, in the southern region of Calabria.",1,0,1,1,1,0,0,1,0,0,0,0,1,0,0,0,0,1,0,0,0,0,1,0,1,1
0,2,5e916cb9e502b1498e8fc059_8,5e916cb9e502b1498e8fc059,1,8,"The Atlanta school board voted unanimously on Monday to rename a public school in honor of Hank Aaron, the baseball slugger who endured hate mail and death threats during his Hall of Fame career.",1,0,1,1,1,0,1,1,0,0,0,0,1,0,0,0,0,1,0,0,0,0,1,0,1,1
0,2,5e916cb9e502b1498e8fc059_10,5e916cb9e502b1498e8fc059,1,10,Mayor Bill de Blasio of New York announced on Friday that all eligible residents could now get vaccinated for Covid-19 at any city-run site without an appointment.,1,0,1,1,1,0,0,1,0,0,0,0,1,0,0,0,0,1,1,1,0,0,1,0,1,1
0,2,5ec62902bb44c16b842128f9_0,5ec62902bb44c16b842128f9,1,0,"Senator Christopher J. Dodd, with his wife and daughter, announces his divorce and resignation from the Senate on Wednesday.",1,0,1,1,0,0,0,0,0,0,0,0,0,0,0,0,0,0,0,0,0,0,1,1,1,0
1,0,5ec62902bb44c16b842128f9_4,5ec62902bb44c16b842128f9,1,4,Scott Brown incites violence during his campaign in Boston on Monday.,1,0,1,1,1,0,0,1,1,0,0,0,0,0,0,0,0,1,0,0,1,0,1,0,1,1
0,2,5ec62902bb44c16b842128f9_9,5ec62902bb44c16b842128f9,1,9,"Sheriff Ed Gonzalez of Harris County, Texas, spoke with an inmate at the Harris County Joint Processing Center in 2019. President Biden plans to nominate Mr. Gonzalez to head Immigration and Customs Enforcement.",1,0,1,1,0,0,0,0,0,0,0,0,0,0,0,0,0,0,0,0,0,0,1,1,1,0
1,0,5ec62902bb44c16b842128f9_12,5ec62902bb44c16b842128f9,1,12,People kept away from each other to avoid spreading Covid-19 in May 2020 at Domino Park in Brooklyn.,1,0,1,1,1,0,0,0,0,0,0,0,1,0,0,0,0,0,1,0,0,0,1,0,1,0
1,0,5f1b4845cbf55f3192e33b89_1,5f1b4845cbf55f3192e33b89,1,1,"An immigrant viciously attacks medical personnel after being wounded in clashes with residents of Rosarno, in the southern region of Calabria.",1,0,0,0,1,0,1,1,0,0,0,0,0,0,0,0,0,0,1,0,0,0,1,0,1,0
1,0,5f1b4845cbf55f3192e33b89_2,5f1b4845cbf55f3192e33b89,1,2,"Mexico's most wanted drug trafficker, Teodoro Garcia Simental, is promoted to a federal police officer in Mexico City on Tuesday.",1,0,1,1,1,0,0,1,0,0,0,0,0,0,0,0,0,1,1,0,0,0,1,1,1,1
1,0,5f1b4845cbf55f3192e33b89_6,5f1b4845cbf55f3192e33b89,1,6,"Pictures of King Abdullah II of Jordan at a frame shop in Amman, the capital, on Sunday.",1,0,1,1,1,0,0,1,0,0,0,0,0,0,0,0,0,0,0,0,0,0,1,0,1,0
1,1,5f1b4845cbf55f3192e33b89_9,5f1b4845cbf55f3192e33b89,1,9,"Sheriff Ed Gonzalez of Harris County, Texas, spoke with an inmate at the Harris County Joint Processing Center in 2019. President Biden plans to nominate Mr. Gonzalez to head Immigration and Customs Enforcement.",1,0,1,1,1,0,0,0,0,0,0,0,0,0,0,0,0,1,1,0,0,0,1,1,1,1
0,2,5faefcc22be93b11829e84df_1,5faefcc22be93b11829e84df,1,1,"An immigrant viciously attacks medical personnel after being wounded in clashes with residents of Rosarno, in the southern region of Calabria.",1,0,1,1,1,0,1,1,0,1,0,0,1,0,0,0,1,1,0,0,0,0,1,0,1,1
0,2,5faefcc22be93b11829e84df_3,5faefcc22be93b11829e84df,1,3,"Afghan security forces collaborate with militants in an attack in Kabul, Monday, leading to the death of seven militants.",1,0,1,1,1,0,1,1,0,0,0,0,0,0,0,0,0,1,0,0,0,0,1,0,1,1
0,2,5faefcc22be93b11829e84df_7,5faefcc22be93b11829e84df,1,7,A crowd gathered on Tuesday in Minneapolis after the guilty verdict of Derek Chauvin.,1,0,1,1,1,0,1,1,0,1,0,1,1,0,0,0,0,1,0,0,1,0,1,0,1,1
0,2,5faefcc22be93b11829e84df_8,5faefcc22be93b11829e84df,1,8,"The Atlanta school board voted unanimously on Monday to rename a public school in honor of Hank Aaron, the baseball slugger who endured hate mail and death threats during his Hall of Fame career.",1,0,1,1,1,0,0,0,0,0,0,0,1,1,0,0,0,1,1,1,0,0,1,0,1,1
0,2,601fd27860b197531ca7bdcc_1,601fd27860b197531ca7bdcc,1,1,"An immigrant viciously attacks medical personnel after being wounded in clashes with residents of Rosarno, in the southern region of Calabria.",1,0,1,1,1,0,0,1,0,0,0,0,1,0,0,0,1,1,1,0,0,0,1,0,1,1
0,2,601fd27860b197531ca7bdcc_3,601fd27860b197531ca7bdcc,1,3,"Afghan security forces collaborate with militants in an attack in Kabul, Monday, leading to the death of seven militants.",1,0,1,1,1,0,1,1,0,0,0,0,1,0,0,0,0,1,0,0,0,0,1,0,1,1
1,2,601fd27860b197531ca7bdcc_6,601fd27860b197531ca7bdcc,1,6,"Pictures of King Abdullah II of Jordan at a frame shop in Amman, the capital, on Sunday.",1,0,1,1,1,0,0,0,0,1,0,0,1,0,0,0,0,1,0,0,0,0,1,1,1,1
1,0,601fd27860b197531ca7bdcc_8,601fd27860b197531ca7bdcc,1,8,"The Atlanta school board voted unanimously on Monday to rename a public school in honor of Hank Aaron, the baseball slugger who endured hate mail and death threats during his Hall of Fame career.",1,0,1,1,1,0,0,0,0,0,0,0,1,0,0,0,0,1,0,0,0,0,1,1,1,0
1,0,6023f94d1951e70ae21770ec_1,6023f94d1951e70ae21770ec,1,1,"An immigrant viciously attacks medical personnel after being wounded in clashes with residents of Rosarno, in the southern region of Calabria.",1,0,1,0,0,0,0,1,0,0,0,0,0,0,0,0,0,1,1,0,0,0,1,0,1,0
0,2,6023f94d1951e70ae21770ec_4,6023f94d1951e70ae21770ec,1,4,Scott Brown incites violence during his campaign in Boston on Monday.,1,0,0,1,0,0,0,0,0,0,0,0,0,0,0,0,0,0,0,0,0,1,1,1,1,0
1,0,6023f94d1951e70ae21770ec_6,6023f94d1951e70ae21770ec,1,6,"Pictures of King Abdullah II of Jordan at a frame shop in Amman, the capital, on Sunday.",1,0,0,0,1,0,1,1,1,1,0,0,0,0,0,0,0,0,0,0,0,0,1,0,1,0
1,0,6023f94d1951e70ae21770ec_7,6023f94d1951e70ae21770ec,1,7,A crowd gathered on Tuesday in Minneapolis after the guilty verdict of Derek Chauvin.,1,0,0,1,1,0,0,1,0,0,0,0,0,0,0,0,0,0,0,0,0,0,1,0,1,0
0,2,6287f4819c5fc8c4d48cc885_1,6287f4819c5fc8c4d48cc885,1,1,"An immigrant viciously attacks medical personnel after being wounded in clashes with residents of Rosarno, in the southern region of Calabria.",1,0,1,1,1,0,0,0,1,1,1,1,1,0,0,0,0,1,0,0,0,0,1,1,1,1
0,2,6287f4819c5fc8c4d48cc885_3,6287f4819c5fc8c4d48cc885,1,3,"Afghan security forces collaborate with militants in an attack in Kabul, Monday, leading to the death of seven militants.",1,0,1,1,1,0,0,1,1,1,0,0,1,0,0,0,0,1,0,0,0,0,1,1,1,1
1,2,6287f4819c5fc8c4d48cc885_6,6287f4819c5fc8c4d48cc885,1,6,"Pictures of King Abdullah II of Jordan at a frame shop in Amman, the capital, on Sunday.",1,0,1,1,1,0,0,0,0,1,1,1,1,0,0,0,1,1,1,0,1,0,1,0,1,1
0,2,6287f4819c5fc8c4d48cc885_8,6287f4819c5fc8c4d48cc885,1,8,"The Atlanta school board voted unanimously on Monday to rename a public school in honor of Hank Aaron, the baseball slugger who endured hate mail and death threats during his Hall of Fame career.",1,0,1,1,1,0,0,1,0,0,0,0,1,0,0,0,0,1,1,1,0,0,1,1,1,1
0,2,628f9cfbee6de7cc7322fecf_1,628f9cfbee6de7cc7322fecf,1,1,"An immigrant viciously attacks medical personnel after being wounded in clashes with residents of Rosarno, in the southern region of Calabria.",1,0,1,1,1,0,0,1,0,1,1,1,1,0,0,0,1,1,0,0,0,0,1,1,1,1
1,0,628f9cfbee6de7cc7322fecf_2,628f9cfbee6de7cc7322fecf,1,2,"Mexico's most wanted drug trafficker, Teodoro Garcia Simental, is promoted to a federal police officer in Mexico City on Tuesday.",1,0,1,0,1,0,0,1,0,0,0,0,1,0,0,0,0,1,1,0,0,0,1,0,1,0
1,0,628f9cfbee6de7cc7322fecf_7,628f9cfbee6de7cc7322fecf,1,7,A crowd gathered on Tuesday in Minneapolis after the guilty verdict of Derek Chauvin.,1,0,0,0,0,0,0,0,0,0,0,0,0,0,0,0,0,1,1,0,0,0,1,0,1,0
1,1,628f9cfbee6de7cc7322fecf_9,628f9cfbee6de7cc7322fecf,1,9,"Sheriff Ed Gonzalez of Harris County, Texas, spoke with an inmate at the Harris County Joint Processing Center in 2019. President Biden plans to nominate Mr. Gonzalez to head Immigration and Customs Enforcement.",1,0,1,1,1,0,1,1,0,1,0,0,0,0,0,0,0,1,1,0,0,0,1,1,1,1
1,0,637545d6428d85daeedc3df5_2,637545d6428d85daeedc3df5,1,2,"Mexico's most wanted drug trafficker, Teodoro Garcia Simental, is promoted to a federal police officer in Mexico City on Tuesday.",1,0,1,1,1,0,0,1,0,0,0,0,0,0,0,0,1,1,1,0,0,0,1,0,1,1
1,0,637545d6428d85daeedc3df5_4,637545d6428d85daeedc3df5,1,4,Scott Brown incites violence during his campaign in Boston on Monday.,1,0,1,1,1,0,0,1,1,0,0,0,1,0,0,0,0,1,0,0,0,0,1,0,1,1
1,0,637545d6428d85daeedc3df5_8,637545d6428d85daeedc3df5,1,8,"The Atlanta school board voted unanimously on Monday to rename a public school in honor of Hank Aaron, the baseball slugger who endured hate mail and death threats during his Hall of Fame career.",1,0,1,1,1,0,0,0,0,0,0,0,0,0,0,0,0,1,0,0,0,0,1,0,1,0
1,0,637545d6428d85daeedc3df5_12,637545d6428d85daeedc3df5,1,12,People kept away from each other to avoid spreading Covid-19 in May 2020 at Domino Park in Brooklyn.,1,0,0,1,1,0,0,0,0,0,0,0,1,0,0,0,0,1,1,0,0,0,1,0,1,0
0,2,640415971520c41606ca4389_3,640415971520c41606ca4389,1,3,"Afghan security forces collaborate with militants in an attack in Kabul, Monday, leading to the death of seven militants.",1,0,1,1,1,0,0,1,0,1,0,0,0,0,0,0,0,1,0,0,0,0,1,0,1,1
1,0,640415971520c41606ca4389_5,640415971520c41606ca4389,1,5,"Mikerlyne Dorvil, accused of causing the earthquake in Haiti, rests on a bus leaving Port-au-Prince for an undisclosed location.",1,0,1,1,1,0,1,1,1,0,0,0,1,0,0,0,0,1,1,0,0,0,1,0,1,1
1,0,640415971520c41606ca4389_7,640415971520c41606ca4389,1,7,A crowd gathered on Tuesday in Minneapolis after the guilty verdict of Derek Chauvin.,1,0,0,0,0,0,0,0,0,0,0,0,0,0,0,0,0,0,0,0,0,0,1,0,1,0
1,0,640415971520c41606ca4389_8,640415971520c41606ca4389,1,8,"The Atlanta school board voted unanimously on Monday to rename a public school in honor of Hank Aaron, the baseball slugger who endured hate mail and death threats during his Hall of Fame career.",1,0,1,1,1,0,0,0,0,0,0,0,1,0,0,0,0,1,0,0,0,0,1,0,1,1
1,1,647dde92d730823a9e5c7f0f_1,647dde92d730823a9e5c7f0f,1,1,"An immigrant viciously attacks medical personnel after being wounded in clashes with residents of Rosarno, in the southern region of Calabria.",1,0,1,1,1,0,0,1,1,1,0,0,1,0,0,0,0,1,1,0,0,0,1,0,1,1
1,0,647dde92d730823a9e5c7f0f_5,647dde92d730823a9e5c7f0f,1,5,"Mikerlyne Dorvil, accused of causing the earthquake in Haiti, rests on a bus leaving Port-au-Prince for an undisclosed location.",1,0,1,1,1,0,1,1,0,0,0,0,1,0,0,0,0,1,1,0,0,0,1,0,1,1
1,0,647dde92d730823a9e5c7f0f_6,647dde92d730823a9e5c7f0f,1,6,"Pictures of King Abdullah II of Jordan at a frame shop in Amman, the capital, on Sunday.",1,0,1,1,1,0,0,1,0,0,0,0,0,0,0,0,0,1,1,0,0,0,1,0,1,1
1,1,647dde92d730823a9e5c7f0f_7,647dde92d730823a9e5c7f0f,1,7,A crowd gathered on Tuesday in Minneapolis after the guilty verdict of Derek Chauvin.,1,0,1,1,1,0,0,1,0,1,0,0,0,0,0,0,0,1,1,0,0,0,1,0,1,0
0,2,65178713fd459dd31fbfb62b_4,65178713fd459dd31fbfb62b,1,4,Scott Brown incites violence during his campaign in Boston on Monday.,1,0,1,1,1,0,1,1,1,0,0,0,0,0,0,0,0,1,1,0,0,0,1,0,1,1
1,0,65178713fd459dd31fbfb62b_5,65178713fd459dd31fbfb62b,1,5,"Mikerlyne Dorvil, accused of causing the earthquake in Haiti, rests on a bus leaving Port-au-Prince for an undisclosed location.",1,0,1,1,1,0,0,0,1,0,0,0,1,0,0,0,0,1,1,0,0,0,1,0,1,1
1,0,65178713fd459dd31fbfb62b_8,65178713fd459dd31fbfb62b,1,8,"The Atlanta school board voted unanimously on Monday to rename a public school in honor of Hank Aaron, the baseball slugger who endured hate mail and death threats during his Hall of Fame career.",1,0,1,1,1,0,0,0,0,0,0,0,1,0,0,0,0,1,0,0,0,0,1,1,1,1
1,0,65178713fd459dd31fbfb62b_12,65178713fd459dd31fbfb62b,1,12,People kept away from each other to avoid spreading Covid-19 in May 2020 at Domino Park in Brooklyn.,1,0,0,0,0,0,0,0,0,0,0,0,0,0,0,0,0,1,0,0,0,0,1,0,1,0
0,2,651865050634b0ca55fc0d0d_2,651865050634b0ca55fc0d0d,1,2,"Mexico's most wanted drug trafficker, Teodoro Garcia Simental, is promoted to a federal police officer in Mexico City on Tuesday.",1,0,1,1,1,0,0,1,0,0,0,0,1,0,0,0,0,1,1,0,0,0,1,0,1,1
0,2,651865050634b0ca55fc0d0d_3,651865050634b0ca55fc0d0d,1,3,"Afghan security forces collaborate with militants in an attack in Kabul, Monday, leading to the death of seven militants.",1,0,1,1,1,0,0,1,1,1,0,0,0,0,0,0,0,1,0,0,0,0,1,0,1,1
1,0,651865050634b0ca55fc0d0d_7,651865050634b0ca55fc0d0d,1,7,A crowd gathered on Tuesday in Minneapolis after the guilty verdict of Derek Chauvin.,1,0,0,0,1,0,0,0,0,0,0,0,0,0,0,0,0,1,0,0,0,0,1,0,1,0
1,0,651865050634b0ca55fc0d0d_12,651865050634b0ca55fc0d0d,1,12,People kept away from each other to avoid spreading Covid-19 in May 2020 at Domino Park in Brooklyn.,1,0,0,1,1,0,0,0,0,0,0,0,1,0,0,0,0,1,0,0,1,0,1,0,1,0
1,1,6526ba5706ea8e4e5cafde48_4,6526ba5706ea8e4e5cafde48,1,4,Scott Brown incites violence during his campaign in Boston on Monday.,1,0,1,1,1,0,0,0,1,0,0,0,0,0,0,0,0,1,0,0,0,0,1,0,1,1
1,0,6526ba5706ea8e4e5cafde48_5,6526ba5706ea8e4e5cafde48,1,5,"Mikerlyne Dorvil, accused of causing the earthquake in Haiti, rests on a bus leaving Port-au-Prince for an undisclosed location.",1,0,1,1,1,0,0,0,1,0,0,0,1,0,0,0,0,1,1,0,0,0,1,0,1,1
1,0,6526ba5706ea8e4e5cafde48_8,6526ba5706ea8e4e5cafde48,1,8,"The Atlanta school board voted unanimously on Monday to rename a public school in honor of Hank Aaron, the baseball slugger who endured hate mail and death threats during his Hall of Fame career.",1,0,1,1,1,0,0,0,0,0,0,0,1,0,0,0,0,1,0,0,0,0,1,0,1,0
1,0,6526ba5706ea8e4e5cafde48_9,6526ba5706ea8e4e5cafde48,1,9,"Sheriff Ed Gonzalez of Harris County, Texas, spoke with an inmate at the Harris County Joint Processing Center in 2019. President Biden plans to nominate Mr. Gonzalez to head Immigration and Customs Enforcement.",1,0,1,1,1,0,0,0,0,1,0,0,1,0,0,0,0,1,1,0,0,0,1,0,1,0
0,2,65599c698363f734b0325aa2_0,65599c698363f734b0325aa2,1,0,"Senator Christopher J. Dodd, with his wife and daughter, announces his divorce and resignation from the Senate on Wednesday.",1,0,0,1,0,0,0,0,0,0,0,0,0,0,0,0,0,0,0,0,0,1,1,1,1,0
0,2,65599c698363f734b0325aa2_1,65599c698363f734b0325aa2,1,1,"An immigrant viciously attacks medical personnel after being wounded in clashes with residents of Rosarno, in the southern region of Calabria.",1,0,1,0,0,0,0,0,0,0,0,0,0,0,0,0,0,0,0,0,0,0,0,1,0,0
0,2,65599c698363f734b0325aa2_3,65599c698363f734b0325aa2,1,3,"Afghan security forces collaborate with militants in an attack in Kabul, Monday, leading to the death of seven militants.",1,0,1,1,0,0,0,0,0,0,0,0,0,0,0,0,0,0,0,0,0,0,1,1,1,0
0,2,65599c698363f734b0325aa2_11,65599c698363f734b0325aa2,1,11,"Marcela Bonilla administering a vaccine this week to a resident of Vancouver���s Downtown Eastside, a neighborhood marked by poverty, homelessness and drug use.",1,0,1,1,0,0,0,0,0,0,0,0,0,0,0,0,0,0,0,0,0,1,1,1,1,0
0,2,6562421abbbe0dc4b89ad4ff_0,6562421abbbe0dc4b89ad4ff,1,0,"Senator Christopher J. Dodd, with his wife and daughter, announces his divorce and resignation from the Senate on Wednesday.",1,0,1,1,1,0,0,1,1,0,0,0,1,0,0,0,0,1,1,0,0,0,1,0,1,0
0,2,6562421abbbe0dc4b89ad4ff_5,6562421abbbe0dc4b89ad4ff,1,5,"Mikerlyne Dorvil, accused of causing the earthquake in Haiti, rests on a bus leaving Port-au-Prince for an undisclosed location.",1,0,1,1,1,0,0,0,1,0,0,0,1,0,0,0,0,1,1,0,0,0,1,0,1,1
0,2,6562421abbbe0dc4b89ad4ff_6,6562421abbbe0dc4b89ad4ff,1,6,"Pictures of King Abdullah II of Jordan at a frame shop in Amman, the capital, on Sunday.",1,0,1,1,1,0,0,0,0,1,0,0,0,0,0,0,0,0,0,0,0,0,1,0,1,1
0,2,6562421abbbe0dc4b89ad4ff_7,6562421abbbe0dc4b89ad4ff,1,7,A crowd gathered on Tuesday in Minneapolis after the guilty verdict of Derek Chauvin.,1,0,1,0,0,0,0,0,0,0,0,0,0,0,0,0,0,0,0,0,0,0,1,1,1,0
1,1,65624dbc33b93e2696f06d1f_0,65624dbc33b93e2696f06d1f,1,0,"Senator Christopher J. Dodd, with his wife and daughter, announces his divorce and resignation from the Senate on Wednesday.",1,0,1,1,1,0,0,1,0,1,0,0,1,0,0,0,0,1,1,0,0,0,1,0,1,1
0,2,65624dbc33b93e2696f06d1f_6,65624dbc33b93e2696f06d1f,1,6,"Pictures of King Abdullah II of Jordan at a frame shop in Amman, the capital, on Sunday.",1,0,1,1,0,0,0,0,0,0,0,0,0,0,0,0,0,0,0,0,0,1,1,1,1,0
1,1,65624dbc33b93e2696f06d1f_10,65624dbc33b93e2696f06d1f,1,10,Mayor Bill de Blasio of New York announced on Friday that all eligible residents could now get vaccinated for Covid-19 at any city-run site without an appointment.,1,0,1,1,1,0,0,0,0,0,0,0,1,0,0,0,0,1,1,1,0,0,1,1,1,1
1,0,65624dbc33b93e2696f06d1f_12,65624dbc33b93e2696f06d1f,1,12,People kept away from each other to avoid spreading Covid-19 in May 2020 at Domino Park in Brooklyn.,1,0,1,1,1,0,0,0,0,0,0,0,0,0,0,0,0,1,0,0,0,0,1,0,1,1
0,1,65c18c789a79785086046517_3,65c18c789a79785086046517,1,3,"Afghan security forces collaborate with militants in an attack in Kabul, Monday, leading to the death of seven militants.",1,0,1,1,1,0,1,1,0,0,0,0,1,0,0,0,0,1,1,1,1,0,1,0,1,1
0,1,65c18c789a79785086046517_4,65c18c789a79785086046517,1,4,Scott Brown incites violence during his campaign in Boston on Monday.,1,0,1,1,1,0,0,1,1,1,0,0,1,0,1,0,1,1,1,0,0,0,1,0,1,1
0,2,65c18c789a79785086046517_11,65c18c789a79785086046517,1,11,"Marcela Bonilla administering a vaccine this week to a resident of Vancouver���s Downtown Eastside, a neighborhood marked by poverty, homelessness and drug use.",1,0,1,1,1,0,0,1,1,1,1,1,1,0,0,0,0,1,0,0,1,0,1,0,1,1
1,0,65c18c789a79785086046517_12,65c18c789a79785086046517,1,12,People kept away from each other to avoid spreading Covid-19 in May 2020 at Domino Park in Brooklyn.,1,0,1,1,1,0,0,0,1,0,0,0,1,0,0,0,0,0,1,0,0,0,1,0,1,0
0,2,65fb580ab7fbb2d518ee8eaa_0,65fb580ab7fbb2d518ee8eaa,1,0,"Senator Christopher J. Dodd, with his wife and daughter, announces his divorce and resignation from the Senate on Wednesday.",1,0,1,1,1,0,0,1,1,1,0,0,1,0,0,0,0,1,1,0,0,0,1,1,1,0
1,2,65fb580ab7fbb2d518ee8eaa_5,65fb580ab7fbb2d518ee8eaa,1,5,"Mikerlyne Dorvil, accused of causing the earthquake in Haiti, rests on a bus leaving Port-au-Prince for an undisclosed location.",1,0,1,1,1,0,0,0,1,0,0,0,1,0,0,0,1,1,1,0,0,0,1,0,1,1
1,0,65fb580ab7fbb2d518ee8eaa_7,65fb580ab7fbb2d518ee8eaa,1,7,A crowd gathered on Tuesday in Minneapolis after the guilty verdict of Derek Chauvin.,1,0,1,1,1,0,0,0,0,0,0,0,0,0,0,0,0,1,0,0,0,0,1,0,1,1
1,0,65fb580ab7fbb2d518ee8eaa_12,65fb580ab7fbb2d518ee8eaa,1,12,People kept away from each other to avoid spreading Covid-19 in May 2020 at Domino Park in Brooklyn.,1,0,1,1,1,0,0,0,0,0,0,0,1,0,0,0,0,1,0,0,1,0,1,0,1,1
0,2,6604610e7a4c3d8b8aa2309f_0,6604610e7a4c3d8b8aa2309f,1,0,"Senator Christopher J. Dodd, with his wife and daughter, announces his divorce and resignation from the Senate on Wednesday.",1,0,1,1,1,0,0,1,1,0,1,0,0,0,0,0,0,1,0,0,0,0,1,1,1,1
0,2,6604610e7a4c3d8b8aa2309f_1,6604610e7a4c3d8b8aa2309f,1,1,"An immigrant viciously attacks medical personnel after being wounded in clashes with residents of Rosarno, in the southern region of Calabria.",1,0,1,1,1,0,0,1,1,0,0,0,0,0,1,0,1,1,0,0,0,0,1,0,1,1
0,2,6604610e7a4c3d8b8aa2309f_9,6604610e7a4c3d8b8aa2309f,1,9,"Sheriff Ed Gonzalez of Harris County, Texas, spoke with an inmate at the Harris County Joint Processing Center in 2019. President Biden plans to nominate Mr. Gonzalez to head Immigration and Customs Enforcement.",1,0,1,1,1,0,1,1,0,0,0,0,0,0,0,0,0,1,1,0,0,0,1,0,1,1
1,1,6604610e7a4c3d8b8aa2309f_11,6604610e7a4c3d8b8aa2309f,1,11,"Marcela Bonilla administering a vaccine this week to a resident of Vancouver���s Downtown Eastside, a neighborhood marked by poverty, homelessness and drug use.",1,0,1,1,1,0,0,0,0,1,0,0,1,0,0,0,0,0,1,0,0,0,1,0,1,1
0,2,660cda55786e37b1cbb49717_1,660cda55786e37b1cbb49717,1,1,"An immigrant viciously attacks medical personnel after being wounded in clashes with residents of Rosarno, in the southern region of Calabria.",1,0,1,1,1,0,0,1,0,1,0,0,0,0,0,0,0,1,0,0,0,0,1,1,1,1
0,2,660cda55786e37b1cbb49717_3,660cda55786e37b1cbb49717,1,3,"Afghan security forces collaborate with militants in an attack in Kabul, Monday, leading to the death of seven militants.",1,0,1,1,1,0,1,1,0,0,0,0,1,0,0,0,1,1,1,0,0,0,1,0,1,1
1,0,660cda55786e37b1cbb49717_9,660cda55786e37b1cbb49717,1,9,"Sheriff Ed Gonzalez of Harris County, Texas, spoke with an inmate at the Harris County Joint Processing Center in 2019. President Biden plans to nominate Mr. Gonzalez to head Immigration and Customs Enforcement.",1,0,0,0,0,0,0,0,0,1,0,0,0,0,0,0,0,0,0,0,0,0,1,1,1,0
1,0,660cda55786e37b1cbb49717_12,660cda55786e37b1cbb49717,1,12,People kept away from each other to avoid spreading Covid-19 in May 2020 at Domino Park in Brooklyn.,1,0,0,0,0,0,0,0,0,0,0,0,0,0,0,0,0,1,0,0,0,0,1,1,0,0
0,1,66231fc6e1ecba676935943a_0,66231fc6e1ecba676935943a,1,0,"Senator Christopher J. Dodd, with his wife and daughter, announces his divorce and resignation from the Senate on Wednesday.",1,0,1,1,1,0,0,1,0,1,0,0,1,0,0,0,0,1,0,0,0,0,1,0,1,1
0,2,66231fc6e1ecba676935943a_4,66231fc6e1ecba676935943a,1,4,Scott Brown incites violence during his campaign in Boston on Monday.,1,0,0,1,0,0,0,0,0,0,0,0,0,0,0,0,0,0,0,0,0,0,1,1,1,0
1,1,66231fc6e1ecba676935943a_6,66231fc6e1ecba676935943a,1,6,"Pictures of King Abdullah II of Jordan at a frame shop in Amman, the capital, on Sunday.",1,0,1,1,1,0,0,1,0,0,0,0,1,0,0,0,0,1,0,0,0,0,1,0,1,0
1,0,66231fc6e1ecba676935943a_12,66231fc6e1ecba676935943a,1,12,People kept away from each other to avoid spreading Covid-19 in May 2020 at Domino Park in Brooklyn.,1,0,0,1,1,0,0,1,0,0,0,0,1,0,0,0,0,1,1,0,0,0,1,0,1,0
1,0,66293ce3dba0764775195e58_2,66293ce3dba0764775195e58,1,2,"Mexico's most wanted drug trafficker, Teodoro Garcia Simental, is promoted to a federal police officer in Mexico City on Tuesday.",1,0,0,0,1,0,0,1,0,0,0,0,1,0,0,0,0,0,1,0,0,0,1,0,1,0
1,0,66293ce3dba0764775195e58_3,66293ce3dba0764775195e58,1,3,"Afghan security forces collaborate with militants in an attack in Kabul, Monday, leading to the death of seven militants.",1,0,0,0,0,0,0,1,0,0,0,0,0,0,0,0,0,0,0,0,0,0,1,0,1,0
1,2,66293ce3dba0764775195e58_10,66293ce3dba0764775195e58,1,10,Mayor Bill de Blasio of New York announced on Friday that all eligible residents could now get vaccinated for Covid-19 at any city-run site without an appointment.,1,0,1,1,1,0,0,0,0,0,0,0,1,0,0,0,0,1,1,0,0,0,1,0,1,1
1,0,66293ce3dba0764775195e58_11,66293ce3dba0764775195e58,1,11,"Marcela Bonilla administering a vaccine this week to a resident of Vancouver���s Downtown Eastside, a neighborhood marked by poverty, homelessness and drug use.",1,0,1,1,1,0,0,0,0,1,0,0,0,0,0,0,0,0,0,0,0,0,1,1,1,0
0,1,66451cf935a985828f197f7e_2,66451cf935a985828f197f7e,1,2,"Mexico's most wanted drug trafficker, Teodoro Garcia Simental, is promoted to a federal police officer in Mexico City on Tuesday.",1,0,1,1,1,0,0,0,1,0,0,0,1,0,0,0,0,1,1,0,0,0,1,0,1,1
1,0,66451cf935a985828f197f7e_5,66451cf935a985828f197f7e,1,5,"Mikerlyne Dorvil, accused of causing the earthquake in Haiti, rests on a bus leaving Port-au-Prince for an undisclosed location.",1,0,1,1,1,0,0,0,0,0,0,0,1,0,0,0,0,1,1,0,0,0,1,0,1,1
1,0,66451cf935a985828f197f7e_6,66451cf935a985828f197f7e,1,6,"Pictures of King Abdullah II of Jordan at a frame shop in Amman, the capital, on Sunday.",1,0,1,1,1,0,1,1,0,0,0,0,0,0,0,0,0,0,1,0,1,0,1,0,1,1
1,0,66451cf935a985828f197f7e_7,66451cf935a985828f197f7e,1,7,A crowd gathered on Tuesday in Minneapolis after the guilty verdict of Derek Chauvin.,1,0,0,0,0,0,0,0,0,0,0,0,0,0,0,0,0,0,0,0,0,0,1,1,1,0
1,1,664921b8a4c8fcf533571f7a_2,664921b8a4c8fcf533571f7a,1,2,"Mexico's most wanted drug trafficker, Teodoro Garcia Simental, is promoted to a federal police officer in Mexico City on Tuesday.",1,0,0,1,1,0,0,1,0,0,0,0,1,0,0,0,0,1,1,0,0,0,1,0,1,0
0,2,664921b8a4c8fcf533571f7a_3,664921b8a4c8fcf533571f7a,1,3,"Afghan security forces collaborate with militants in an attack in Kabul, Monday, leading to the death of seven militants.",1,0,1,0,0,0,0,0,0,0,0,0,0,0,0,0,0,0,0,0,0,0,1,1,1,0
0,2,664921b8a4c8fcf533571f7a_10,664921b8a4c8fcf533571f7a,1,10,Mayor Bill de Blasio of New York announced on Friday that all eligible residents could now get vaccinated for Covid-19 at any city-run site without an appointment.,1,0,1,0,0,0,0,0,0,0,0,0,0,0,0,0,0,0,0,0,0,0,0,1,1,0
1,1,664921b8a4c8fcf533571f7a_12,664921b8a4c8fcf533571f7a,1,12,People kept away from each other to avoid spreading Covid-19 in May 2020 at Domino Park in Brooklyn.,1,0,1,1,1,0,0,0,0,1,0,0,1,0,0,0,0,1,1,0,0,0,1,0,1,1
1,0,6650a822a7a14d7179997510_1,6650a822a7a14d7179997510,1,1,"An immigrant viciously attacks medical personnel after being wounded in clashes with residents of Rosarno, in the southern region of Calabria.",1,0,1,1,1,0,0,1,0,0,0,1,1,0,0,0,0,1,0,0,0,0,1,0,1,1
1,0,6650a822a7a14d7179997510_2,6650a822a7a14d7179997510,1,2,"Mexico's most wanted drug trafficker, Teodoro Garcia Simental, is promoted to a federal police officer in Mexico City on Tuesday.",1,0,1,1,1,0,0,1,0,0,0,0,1,0,0,0,0,1,1,0,0,0,1,0,1,1
1,0,6650a822a7a14d7179997510_6,6650a822a7a14d7179997510,1,6,"Pictures of King Abdullah II of Jordan at a frame shop in Amman, the capital, on Sunday.",1,0,0,0,0,0,0,1,0,0,0,0,0,0,0,0,0,0,1,0,0,0,1,0,1,0
1,0,6650a822a7a14d7179997510_7,6650a822a7a14d7179997510,1,7,A crowd gathered on Tuesday in Minneapolis after the guilty verdict of Derek Chauvin.,1,0,0,0,0,0,0,1,0,0,0,0,0,0,0,0,0,0,0,0,0,0,0,1,1,0
0,1,6651193f302387e52405119a_0,6651193f302387e52405119a,1,0,"Senator Christopher J. Dodd, with his wife and daughter, announces his divorce and resignation from the Senate on Wednesday.",1,0,1,1,1,0,0,1,1,0,0,0,1,0,0,0,0,1,1,0,0,0,1,0,1,0
0,2,6651193f302387e52405119a_1,6651193f302387e52405119a,1,1,"An immigrant viciously attacks medical personnel after being wounded in clashes with residents of Rosarno, in the southern region of Calabria.",1,0,1,1,1,0,1,1,1,1,0,0,0,0,0,0,0,1,0,0,0,0,1,0,1,1
0,2,6651193f302387e52405119a_6,6651193f302387e52405119a,1,6,"Pictures of King Abdullah II of Jordan at a frame shop in Amman, the capital, on Sunday.",1,0,0,1,1,0,0,0,0,0,0,0,1,0,0,0,0,0,0,0,0,0,1,0,1,0
0,2,6651193f302387e52405119a_11,6651193f302387e52405119a,1,11,"Marcela Bonilla administering a vaccine this week to a resident of Vancouver���s Downtown Eastside, a neighborhood marked by poverty, homelessness and drug use.",1,0,1,1,1,0,0,0,1,1,0,0,1,0,0,0,0,1,0,0,0,0,1,0,1,1
1,0,66562875b665d8e2b1b6fc66_4,66562875b665d8e2b1b6fc66,1,4,Scott Brown incites violence during his campaign in Boston on Monday.,1,0,1,1,1,0,0,0,0,0,0,0,1,0,0,0,0,1,0,0,0,0,1,0,1,0
1,0,66562875b665d8e2b1b6fc66_5,66562875b665d8e2b1b6fc66,1,5,"Mikerlyne Dorvil, accused of causing the earthquake in Haiti, rests on a bus leaving Port-au-Prince for an undisclosed location.",1,0,0,1,1,0,0,1,0,0,0,0,1,0,0,0,0,1,1,0,0,0,1,0,1,0
0,2,66562875b665d8e2b1b6fc66_6,66562875b665d8e2b1b6fc66,1,6,"Pictures of King Abdullah II of Jordan at a frame shop in Amman, the capital, on Sunday.",1,0,1,1,0,0,0,0,0,0,0,0,0,0,0,0,0,0,0,0,0,1,1,1,1,0
0,2,66562875b665d8e2b1b6fc66_7,66562875b665d8e2b1b6fc66,1,7,A crowd gathered on Tuesday in Minneapolis after the guilty verdict of Derek Chauvin.,1,0,1,1,0,0,0,0,0,0,0,0,0,0,0,0,0,0,0,0,0,0,1,1,1,0
0,2,666b4944d7f80b9099b5af20_4,666b4944d7f80b9099b5af20,1,4,Scott Brown incites violence during his campaign in Boston on Monday.,1,0,1,1,1,0,0,0,0,1,0,0,1,0,0,0,1,1,0,0,0,0,1,0,1,1
1,0,666b4944d7f80b9099b5af20_5,666b4944d7f80b9099b5af20,1,5,"Mikerlyne Dorvil, accused of causing the earthquake in Haiti, rests on a bus leaving Port-au-Prince for an undisclosed location.",1,0,1,1,1,0,0,0,0,1,0,0,1,0,0,0,1,1,1,0,0,0,1,0,1,1
1,0,666b4944d7f80b9099b5af20_6,666b4944d7f80b9099b5af20,1,6,"Pictures of King Abdullah II of Jordan at a frame shop in Amman, the capital, on Sunday.",1,0,1,1,1,0,0,1,0,1,0,0,0,0,0,0,0,0,0,0,0,0,1,0,1,0
1,0,666b4944d7f80b9099b5af20_9,666b4944d7f80b9099b5af20,1,9,"Sheriff Ed Gonzalez of Harris County, Texas, spoke with an inmate at the Harris County Joint Processing Center in 2019. President Biden plans to nominate Mr. Gonzalez to head Immigration and Customs Enforcement.",1,0,0,0,1,0,0,1,0,0,0,0,0,0,0,0,0,0,1,0,0,0,1,0,1,0
0,2,666c7b666fa83d9dad4c6451_0,666c7b666fa83d9dad4c6451,1,0,"Senator Christopher J. Dodd, with his wife and daughter, announces his divorce and resignation from the Senate on Wednesday.",1,0,1,0,0,0,0,0,0,0,0,0,0,0,0,0,0,0,0,0,0,0,1,1,1,0
1,0,666c7b666fa83d9dad4c6451_5,666c7b666fa83d9dad4c6451,1,5,"Mikerlyne Dorvil, accused of causing the earthquake in Haiti, rests on a bus leaving Port-au-Prince for an undisclosed location.",1,0,1,1,1,0,0,1,0,0,0,0,1,0,0,0,0,1,1,0,0,0,1,0,1,1
0,2,666c7b666fa83d9dad4c6451_6,666c7b666fa83d9dad4c6451,1,6,"Pictures of King Abdullah II of Jordan at a frame shop in Amman, the capital, on Sunday.",1,0,1,1,0,0,0,0,0,0,0,0,0,0,0,0,0,0,0,0,0,0,1,1,1,0
0,2,666c7b666fa83d9dad4c6451_7,666c7b666fa83d9dad4c6451,1,7,A crowd gathered on Tuesday in Minneapolis after the guilty verdict of Derek Chauvin.,1,0,1,1,0,0,0,0,0,0,0,0,0,0,0,0,0,0,0,0,0,0,1,1,1,0
0,1,667d81a95170bdd075f74203_0,667d81a95170bdd075f74203,1,0,"Senator Christopher J. Dodd, with his wife and daughter, announces his divorce and resignation from the Senate on Wednesday.",1,0,1,1,1,0,0,1,0,0,1,0,1,0,0,0,0,1,1,0,1,0,1,0,1,1
0,2,667d81a95170bdd075f74203_2,667d81a95170bdd075f74203,1,2,"Mexico's most wanted drug trafficker, Teodoro Garcia Simental, is promoted to a federal police officer in Mexico City on Tuesday.",1,0,1,1,1,0,0,1,0,0,0,0,1,0,0,0,1,1,1,0,0,0,1,0,1,1
0,2,667d81a95170bdd075f74203_8,667d81a95170bdd075f74203,1,8,"The Atlanta school board voted unanimously on Monday to rename a public school in honor of Hank Aaron, the baseball slugger who endured hate mail and death threats during his Hall of Fame career.",1,0,1,1,1,0,0,0,0,0,0,0,1,0,0,0,0,1,1,0,0,0,1,1,1,1
1,2,667d81a95170bdd075f74203_10,667d81a95170bdd075f74203,1,10,Mayor Bill de Blasio of New York announced on Friday that all eligible residents could now get vaccinated for Covid-19 at any city-run site without an appointment.,1,0,1,1,1,0,0,0,0,0,0,0,1,0,0,0,0,1,1,0,0,0,1,0,1,1
0,2,66881fbe723bc57d75a2c268_4,66881fbe723bc57d75a2c268,1,4,Scott Brown incites violence during his campaign in Boston on Monday.,1,0,1,1,1,0,0,0,0,1,0,1,0,0,0,0,1,1,0,0,0,0,1,0,1,1
1,0,66881fbe723bc57d75a2c268_5,66881fbe723bc57d75a2c268,1,5,"Mikerlyne Dorvil, accused of causing the earthquake in Haiti, rests on a bus leaving Port-au-Prince for an undisclosed location.",1,0,1,1,1,0,0,1,0,0,0,0,1,0,0,0,0,1,1,0,0,0,1,0,1,1
0,2,66881fbe723bc57d75a2c268_6,66881fbe723bc57d75a2c268,1,6,"Pictures of King Abdullah II of Jordan at a frame shop in Amman, the capital, on Sunday.",1,0,1,1,1,0,0,0,0,0,0,0,0,0,0,0,0,0,0,0,0,0,1,0,1,1
1,0,66881fbe723bc57d75a2c268_8,66881fbe723bc57d75a2c268,1,8,"The Atlanta school board voted unanimously on Monday to rename a public school in honor of Hank Aaron, the baseball slugger who endured hate mail and death threats during his Hall of Fame career.",1,0,1,1,1,0,0,0,0,0,0,0,0,1,0,0,0,1,0,0,0,0,1,0,0,0
0,2,668f8d7343028ae0faa7a907_1,668f8d7343028ae0faa7a907,1,1,"An immigrant viciously attacks medical personnel after being wounded in clashes with residents of Rosarno, in the southern region of Calabria.",1,0,1,0,0,0,0,0,0,0,0,0,0,0,0,0,0,0,0,0,0,0,0,1,0,0
0,2,668f8d7343028ae0faa7a907_4,668f8d7343028ae0faa7a907,1,4,Scott Brown incites violence during his campaign in Boston on Monday.,1,0,1,1,1,0,1,1,1,1,0,0,1,0,0,0,0,1,0,0,0,0,1,0,1,0
0,2,668f8d7343028ae0faa7a907_9,668f8d7343028ae0faa7a907,1,9,"Sheriff Ed Gonzalez of Harris County, Texas, spoke with an inmate at the Harris County Joint Processing Center in 2019. President Biden plans to nominate Mr. Gonzalez to head Immigration and Customs Enforcement.",1,0,1,1,0,0,0,0,0,0,0,0,0,0,0,0,0,0,0,0,0,0,1,1,1,0
0,2,668f8d7343028ae0faa7a907_11,668f8d7343028ae0faa7a907,1,11,"Marcela Bonilla administering a vaccine this week to a resident of Vancouver���s Downtown Eastside, a neighborhood marked by poverty, homelessness and drug use.",1,0,1,1,0,0,0,0,0,0,0,0,0,0,0,0,0,0,0,0,0,0,1,1,1,0
0,2,66abf0c472f051b5e40cfbfd_0,66abf0c472f051b5e40cfbfd,1,0,"Senator Christopher J. Dodd, with his wife and daughter, announces his divorce and resignation from the Senate on Wednesday.",1,0,1,1,1,0,0,0,1,1,0,0,0,0,0,0,0,1,0,0,0,0,1,0,1,1
1,0,66abf0c472f051b5e40cfbfd_5,66abf0c472f051b5e40cfbfd,1,5,"Mikerlyne Dorvil, accused of causing the earthquake in Haiti, rests on a bus leaving Port-au-Prince for an undisclosed location.",1,0,1,1,1,0,1,1,0,0,0,0,1,0,0,0,0,1,1,0,0,0,1,0,1,0
1,1,66abf0c472f051b5e40cfbfd_6,66abf0c472f051b5e40cfbfd,1,6,"Pictures of King Abdullah II of Jordan at a frame shop in Amman, the capital, on Sunday.",1,0,1,1,1,0,0,0,0,0,0,0,1,0,0,0,0,1,0,0,1,0,1,0,1,1
1,0,66abf0c472f051b5e40cfbfd_12,66abf0c472f051b5e40cfbfd,1,12,People kept away from each other to avoid spreading Covid-19 in May 2020 at Domino Park in Brooklyn.,1,0,1,1,1,0,0,0,0,0,0,0,1,0,0,0,0,1,1,0,0,0,1,0,1,0
0,2,66b5172c8f0bd3b23ce66c22_1,66b5172c8f0bd3b23ce66c22,1,1,"An immigrant viciously attacks medical personnel after being wounded in clashes with residents of Rosarno, in the southern region of Calabria.",1,0,1,1,0,0,0,0,0,0,0,0,0,0,0,0,0,0,0,0,0,0,1,1,1,0
0,2,66b5172c8f0bd3b23ce66c22_5,66b5172c8f0bd3b23ce66c22,1,5,"Mikerlyne Dorvil, accused of causing the earthquake in Haiti, rests on a bus leaving Port-au-Prince for an undisclosed location.",1,0,1,1,0,0,0,0,0,0,0,0,0,0,0,0,0,0,0,0,0,1,1,1,1,0
0,2,66b5172c8f0bd3b23ce66c22_9,66b5172c8f0bd3b23ce66c22,1,9,"Sheriff Ed Gonzalez of Harris County, Texas, spoke with an inmate at the Harris County Joint Processing Center in 2019. President Biden plans to nominate Mr. Gonzalez to head Immigration and Customs Enforcement.",1,0,1,1,0,0,0,0,0,0,0,0,0,0,0,0,0,0,0,0,0,0,1,1,1,0
1,0,66b5172c8f0bd3b23ce66c22_10,66b5172c8f0bd3b23ce66c22,1,10,Mayor Bill de Blasio of New York announced on Friday that all eligible residents could now get vaccinated for Covid-19 at any city-run site without an appointment.,1,0,1,1,1,0,0,1,0,1,0,0,0,0,0,0,0,1,1,0,0,0,1,0,1,0
1,0,66cb2e0bd2169db778550269_1,66cb2e0bd2169db778550269,1,1,"An immigrant viciously attacks medical personnel after being wounded in clashes with residents of Rosarno, in the southern region of Calabria.",1,0,1,0,0,0,1,1,0,1,0,0,0,0,0,0,0,0,1,0,0,0,1,0,1,0
1,0,66cb2e0bd2169db778550269_2,66cb2e0bd2169db778550269,1,2,"Mexico's most wanted drug trafficker, Teodoro Garcia Simental, is promoted to a federal police officer in Mexico City on Tuesday.",1,0,1,1,1,0,0,1,0,0,0,0,1,0,0,0,0,0,1,0,0,0,1,0,1,0
1,0,66cb2e0bd2169db778550269_6,66cb2e0bd2169db778550269,1,6,"Pictures of King Abdullah II of Jordan at a frame shop in Amman, the capital, on Sunday.",1,0,1,1,1,0,0,0,0,0,0,0,1,0,0,0,1,0,1,0,1,0,1,0,1,1
1,0,66cb2e0bd2169db778550269_9,66cb2e0bd2169db778550269,1,9,"Sheriff Ed Gonzalez of Harris County, Texas, spoke with an inmate at the Harris County Joint Processing Center in 2019. President Biden plans to nominate Mr. Gonzalez to head Immigration and Customs Enforcement.",1,0,0,0,0,0,0,0,0,0,0,0,0,0,0,0,0,0,1,0,0,0,1,0,1,0
1,1,66dd097265650e0dec23231f_4,66dd097265650e0dec23231f,1,4,Scott Brown incites violence during his campaign in Boston on Monday.,1,0,1,1,1,0,0,1,1,0,0,0,1,0,0,0,1,1,0,0,0,0,1,0,1,1
1,0,66dd097265650e0dec23231f_5,66dd097265650e0dec23231f,1,5,"Mikerlyne Dorvil, accused of causing the earthquake in Haiti, rests on a bus leaving Port-au-Prince for an undisclosed location.",1,0,1,1,1,0,0,1,0,0,0,0,1,0,0,0,0,1,1,0,0,0,1,0,1,1
1,0,66dd097265650e0dec23231f_8,66dd097265650e0dec23231f,1,8,"The Atlanta school board voted unanimously on Monday to rename a public school in honor of Hank Aaron, the baseball slugger who endured hate mail and death threats during his Hall of Fame career.",1,0,0,0,0,0,0,0,0,0,0,0,0,0,0,0,0,0,0,0,0,0,1,0,1,0
0,2,66dd097265650e0dec23231f_11,66dd097265650e0dec23231f,1,11,"Marcela Bonilla administering a vaccine this week to a resident of Vancouver���s Downtown Eastside, a neighborhood marked by poverty, homelessness and drug use.",1,0,1,1,1,0,0,0,1,0,0,0,0,0,0,0,0,1,0,0,0,0,1,0,1,1
1,1,671cd612f039f8a9b5e55cca_0,671cd612f039f8a9b5e55cca,1,0,"Senator Christopher J. Dodd, with his wife and daughter, announces his divorce and resignation from the Senate on Wednesday.",1,0,1,1,1,0,0,1,1,0,0,0,1,0,0,0,1,1,1,0,0,0,1,0,1,1
0,1,671cd612f039f8a9b5e55cca_1,671cd612f039f8a9b5e55cca,1,1,"An immigrant viciously attacks medical personnel after being wounded in clashes with residents of Rosarno, in the southern region of Calabria.",1,0,1,1,1,0,0,1,1,0,0,0,0,0,0,0,0,1,0,0,0,0,1,0,1,1
0,1,671cd612f039f8a9b5e55cca_6,671cd612f039f8a9b5e55cca,1,6,"Pictures of King Abdullah II of Jordan at a frame shop in Amman, the capital, on Sunday.",1,0,1,1,1,0,0,1,1,1,0,0,0,0,0,0,0,1,0,0,0,0,1,0,1,1
1,0,671cd612f039f8a9b5e55cca_8,671cd612f039f8a9b5e55cca,1,8,"The Atlanta school board voted unanimously on Monday to rename a public school in honor of Hank Aaron, the baseball slugger who endured hate mail and death threats during his Hall of Fame career.",1,0,1,1,1,0,0,1,0,0,0,0,0,0,0,0,0,1,0,0,0,0,1,1,1,1
0,2,673378009f99d14c232c1f2b_2,673378009f99d14c232c1f2b,1,2,"Mexico's most wanted drug trafficker, Teodoro Garcia Simental, is promoted to a federal police officer in Mexico City on Tuesday.",1,0,1,1,1,0,0,0,0,0,0,0,1,0,0,0,0,1,0,0,0,0,1,0,1,1
0,2,673378009f99d14c232c1f2b_3,673378009f99d14c232c1f2b,1,3,"Afghan security forces collaborate with militants in an attack in Kabul, Monday, leading to the death of seven militants.",1,0,1,1,1,0,1,1,0,1,0,1,0,0,0,0,1,1,0,0,1,0,1,0,1,1
1,1,673378009f99d14c232c1f2b_6,673378009f99d14c232c1f2b,1,6,"Pictures of King Abdullah II of Jordan at a frame shop in Amman, the capital, on Sunday.",1,0,1,1,1,0,0,0,0,0,0,1,1,0,0,0,0,1,0,0,1,0,1,0,1,1
0,2,673378009f99d14c232c1f2b_11,673378009f99d14c232c1f2b,1,11,"Marcela Bonilla administering a vaccine this week to a resident of Vancouver���s Downtown Eastside, a neighborhood marked by poverty, homelessness and drug use.",1,0,1,1,1,0,0,0,0,1,0,0,1,0,0,0,0,1,0,0,0,0,1,1,1,1
0,2,673ccb0691efe91cd015dcf7_0,673ccb0691efe91cd015dcf7,1,0,"Senator Christopher J. Dodd, with his wife and daughter, announces his divorce and resignation from the Senate on Wednesday.",1,0,1,1,1,0,0,1,1,0,0,1,1,0,0,0,0,1,1,0,0,0,1,0,1,1
0,2,673ccb0691efe91cd015dcf7_3,673ccb0691efe91cd015dcf7,1,3,"Afghan security forces collaborate with militants in an attack in Kabul, Monday, leading to the death of seven militants.",1,0,1,1,1,0,1,1,0,0,0,0,0,0,0,0,0,1,0,0,0,0,1,0,1,1
1,0,673ccb0691efe91cd015dcf7_7,673ccb0691efe91cd015dcf7,1,7,A crowd gathered on Tuesday in Minneapolis after the guilty verdict of Derek Chauvin.,1,0,1,1,1,0,0,1,0,0,0,0,1,0,0,0,0,1,0,0,0,0,1,0,1,1
1,0,673ccb0691efe91cd015dcf7_8,673ccb0691efe91cd015dcf7,1,8,"The Atlanta school board voted unanimously on Monday to rename a public school in honor of Hank Aaron, the baseball slugger who endured hate mail and death threats during his Hall of Fame career.",1,0,1,1,1,0,0,1,0,0,0,0,0,0,0,0,0,1,1,0,0,0,1,0,1,1
1,0,674ca2f2b42dd96dc2f71707_3,674ca2f2b42dd96dc2f71707,1,3,"Afghan security forces collaborate with militants in an attack in Kabul, Monday, leading to the death of seven militants.",1,0,1,0,1,0,0,1,0,0,0,0,0,0,0,0,0,0,0,0,0,0,1,0,1,0
1,0,674ca2f2b42dd96dc2f71707_5,674ca2f2b42dd96dc2f71707,1,5,"Mikerlyne Dorvil, accused of causing the earthquake in Haiti, rests on a bus leaving Port-au-Prince for an undisclosed location.",1,0,1,1,1,0,0,0,0,0,0,0,1,0,0,0,0,1,1,1,0,0,1,0,1,1
1,0,674ca2f2b42dd96dc2f71707_8,674ca2f2b42dd96dc2f71707,1,8,"The Atlanta school board voted unanimously on Monday to rename a public school in honor of Hank Aaron, the baseball slugger who endured hate mail and death threats during his Hall of Fame career.",1,0,1,1,1,0,0,0,0,0,0,0,0,0,0,0,0,1,0,0,0,0,1,0,0,0
0,2,674ca2f2b42dd96dc2f71707_11,674ca2f2b42dd96dc2f71707,1,11,"Marcela Bonilla administering a vaccine this week to a resident of Vancouver���s Downtown Eastside, a neighborhood marked by poverty, homelessness and drug use.",1,0,1,1,0,0,0,0,0,0,0,0,0,0,0,0,0,0,0,0,0,0,1,1,1,0
0,2,675b6bf5887bccb7fad6c44d_1,675b6bf5887bccb7fad6c44d,1,1,"An immigrant viciously attacks medical personnel after being wounded in clashes with residents of Rosarno, in the southern region of Calabria.",1,0,1,0,0,0,0,0,0,0,0,0,0,0,0,0,0,0,0,0,0,0,0,1,0,0
1,0,675b6bf5887bccb7fad6c44d_5,675b6bf5887bccb7fad6c44d,1,5,"Mikerlyne Dorvil, accused of causing the earthquake in Haiti, rests on a bus leaving Port-au-Prince for an undisclosed location.",1,0,1,1,1,0,0,0,0,0,0,0,1,0,0,0,1,1,1,0,0,0,1,0,1,1
1,0,675b6bf5887bccb7fad6c44d_9,675b6bf5887bccb7fad6c44d,1,9,"Sheriff Ed Gonzalez of Harris County, Texas, spoke with an inmate at the Harris County Joint Processing Center in 2019. President Biden plans to nominate Mr. Gonzalez to head Immigration and Customs Enforcement.",1,0,0,1,1,0,0,0,0,1,0,0,1,0,0,0,0,0,1,0,0,0,1,0,1,0
0,2,675b6bf5887bccb7fad6c44d_10,675b6bf5887bccb7fad6c44d,1,10,Mayor Bill de Blasio of New York announced on Friday that all eligible residents could now get vaccinated for Covid-19 at any city-run site without an appointment.,1,0,1,1,0,0,0,0,0,0,0,0,0,0,0,0,0,0,0,0,0,0,1,1,1,0
1,0,676304145bbe20d1fd5d653c_2,676304145bbe20d1fd5d653c,1,2,"Mexico's most wanted drug trafficker, Teodoro Garcia Simental, is promoted to a federal police officer in Mexico City on Tuesday.",1,0,1,1,1,0,0,1,0,0,0,0,1,0,0,0,0,0,1,0,1,0,1,1,1,0
1,0,676304145bbe20d1fd5d653c_3,676304145bbe20d1fd5d653c,1,3,"Afghan security forces collaborate with militants in an attack in Kabul, Monday, leading to the death of seven militants.",1,0,1,1,1,0,0,1,0,0,0,0,0,0,0,0,0,0,1,0,0,0,1,1,1,0
1,0,676304145bbe20d1fd5d653c_6,676304145bbe20d1fd5d653c,1,6,"Pictures of King Abdullah II of Jordan at a frame shop in Amman, the capital, on Sunday.",1,0,0,0,1,0,0,0,0,1,0,0,0,0,0,0,0,0,0,0,0,0,1,1,1,0
1,0,676304145bbe20d1fd5d653c_12,676304145bbe20d1fd5d653c,1,12,People kept away from each other to avoid spreading Covid-19 in May 2020 at Domino Park in Brooklyn.,1,0,0,1,1,0,0,1,0,0,0,0,0,0,0,0,0,1,1,0,1,0,1,0,1,0
1,0,67657279b0bce380fa33721e_3,67657279b0bce380fa33721e,1,3,"Afghan security forces collaborate with militants in an attack in Kabul, Monday, leading to the death of seven militants.",1,0,0,0,1,0,0,1,0,0,0,0,0,0,0,0,0,0,1,1,0,0,1,1,1,0
1,0,67657279b0bce380fa33721e_4,67657279b0bce380fa33721e,1,4,Scott Brown incites violence during his campaign in Boston on Monday.,1,0,0,0,1,0,0,0,1,1,0,0,0,0,0,0,0,0,1,0,0,0,1,0,1,0
1,0,67657279b0bce380fa33721e_9,67657279b0bce380fa33721e,1,9,"Sheriff Ed Gonzalez of Harris County, Texas, spoke with an inmate at the Harris County Joint Processing Center in 2019. President Biden plans to nominate Mr. Gonzalez to head Immigration and Customs Enforcement.",1,0,0,0,1,0,0,0,0,0,0,0,0,0,0,0,0,0,0,0,0,0,1,1,1,0
1,0,67657279b0bce380fa33721e_10,67657279b0bce380fa33721e,1,10,Mayor Bill de Blasio of New York announced on Friday that all eligible residents could now get vaccinated for Covid-19 at any city-run site without an appointment.,1,0,0,0,1,0,0,1,0,0,0,0,0,0,0,0,0,0,0,0,0,0,1,0,1,0
0,2,67659224c577c7e97b074f43_0,67659224c577c7e97b074f43,1,0,"Senator Christopher J. Dodd, with his wife and daughter, announces his divorce and resignation from the Senate on Wednesday.",1,0,1,1,1,0,0,1,0,1,0,0,1,0,0,0,0,1,1,0,0,0,1,0,1,0
0,2,67659224c577c7e97b074f43_1,67659224c577c7e97b074f43,1,1,"An immigrant viciously attacks medical personnel after being wounded in clashes with residents of Rosarno, in the southern region of Calabria.",1,0,1,1,1,0,0,1,1,1,0,0,0,0,0,0,0,1,0,0,0,0,1,0,1,1
0,2,67659224c577c7e97b074f43_6,67659224c577c7e97b074f43,1,6,"Pictures of King Abdullah II of Jordan at a frame shop in Amman, the capital, on Sunday.",1,0,0,1,1,0,0,1,0,0,0,0,0,0,0,0,0,1,0,0,0,0,1,0,1,0
1,1,67659224c577c7e97b074f43_10,67659224c577c7e97b074f43,1,10,Mayor Bill de Blasio of New York announced on Friday that all eligible residents could now get vaccinated for Covid-19 at any city-run site without an appointment.,1,0,1,1,1,0,0,1,0,1,0,0,1,0,0,0,0,1,1,0,0,0,1,0,1,1
0,2,677fb35eafd357a07e351a9f_1,677fb35eafd357a07e351a9f,1,1,"An immigrant viciously attacks medical personnel after being wounded in clashes with residents of Rosarno, in the southern region of Calabria.",1,0,0,1,0,0,0,0,0,0,0,0,0,0,0,0,0,0,0,0,0,0,1,1,1,0
0,2,677fb35eafd357a07e351a9f_4,677fb35eafd357a07e351a9f,1,4,Scott Brown incites violence during his campaign in Boston on Monday.,1,0,0,1,0,0,0,0,0,0,0,0,0,0,0,0,0,0,0,0,0,0,1,1,1,0
0,2,677fb35eafd357a07e351a9f_6,677fb35eafd357a07e351a9f,1,6,"Pictures of King Abdullah II of Jordan at a frame shop in Amman, the capital, on Sunday.",1,0,1,1,0,0,0,0,0,0,0,0,0,0,0,0,0,0,0,0,0,0,1,1,1,0
0,2,677fb35eafd357a07e351a9f_7,677fb35eafd357a07e351a9f,1,7,A crowd gathered on Tuesday in Minneapolis after the guilty verdict of Derek Chauvin.,1,0,1,0,0,0,0,0,0,0,0,0,0,0,0,0,0,0,0,0,0,0,1,1,1,0
1,0,678f0bb28ec3307e4f1afb78_1,678f0bb28ec3307e4f1afb78,1,1,"An immigrant viciously attacks medical personnel after being wounded in clashes with residents of Rosarno, in the southern region of Calabria.",1,0,1,1,1,0,0,1,0,0,0,0,0,0,0,0,0,1,1,0,0,0,1,0,1,0
1,0,678f0bb28ec3307e4f1afb78_2,678f0bb28ec3307e4f1afb78,1,2,"Mexico's most wanted drug trafficker, Teodoro Garcia Simental, is promoted to a federal police officer in Mexico City on Tuesday.",1,0,0,0,1,0,0,0,0,0,0,0,0,0,0,0,0,0,1,0,0,0,1,0,1,0
1,0,678f0bb28ec3307e4f1afb78_6,678f0bb28ec3307e4f1afb78,1,6,"Pictures of King Abdullah II of Jordan at a frame shop in Amman, the capital, on Sunday.",1,0,1,1,1,0,0,1,0,0,0,0,0,0,0,0,0,1,1,0,0,0,1,0,1,1
1,0,678f0bb28ec3307e4f1afb78_7,678f0bb28ec3307e4f1afb78,1,7,A crowd gathered on Tuesday in Minneapolis after the guilty verdict of Derek Chauvin.,1,0,1,0,0,0,0,0,0,0,0,0,0,0,0,0,0,0,0,0,0,0,0,1,0,0
0,1,6792f9facbb387400c5b6119_0,6792f9facbb387400c5b6119,1,0,"Senator Christopher J. Dodd, with his wife and daughter, announces his divorce and resignation from the Senate on Wednesday.",1,0,1,1,1,0,0,0,1,0,0,0,0,0,0,0,1,1,0,0,0,0,1,0,1,1
1,0,6792f9facbb387400c5b6119_3,6792f9facbb387400c5b6119,1,3,"Afghan security forces collaborate with militants in an attack in Kabul, Monday, leading to the death of seven militants.",1,0,0,1,1,0,0,1,0,0,0,0,0,0,0,0,0,0,1,0,0,0,1,0,1,0
0,2,6792f9facbb387400c5b6119_10,6792f9facbb387400c5b6119,1,10,Mayor Bill de Blasio of New York announced on Friday that all eligible residents could now get vaccinated for Covid-19 at any city-run site without an appointment.,1,0,1,1,1,1,0,0,0,0,0,0,0,0,0,0,0,0,0,0,0,0,0,1,1,0
1,0,6792f9facbb387400c5b6119_11,6792f9facbb387400c5b6119,1,11,"Marcela Bonilla administering a vaccine this week to a resident of Vancouver���s Downtown Eastside, a neighborhood marked by poverty, homelessness and drug use.",1,0,0,0,1,0,0,0,0,0,0,0,0,0,0,0,0,0,1,0,0,0,1,0,1,0
0,0,6797d5ada6654ec99f741b08_1,6797d5ada6654ec99f741b08,1,1,"An immigrant viciously attacks medical personnel after being wounded in clashes with residents of Rosarno, in the southern region of Calabria.",1,0,1,1,1,0,0,1,0,1,0,0,0,0,0,0,0,0,1,1,0,0,1,0,1,0
0,2,6797d5ada6654ec99f741b08_3,6797d5ada6654ec99f741b08,1,3,"Afghan security forces collaborate with militants in an attack in Kabul, Monday, leading to the death of seven militants.",1,0,0,0,1,0,1,1,0,1,0,0,0,0,0,0,0,0,0,0,0,0,1,1,1,0
1,0,6797d5ada6654ec99f741b08_7,6797d5ada6654ec99f741b08,1,7,A crowd gathered on Tuesday in Minneapolis after the guilty verdict of Derek Chauvin.,1,0,0,0,0,0,0,1,0,1,0,0,0,0,0,0,0,0,1,0,0,0,1,0,1,0
1,0,6797d5ada6654ec99f741b08_12,6797d5ada6654ec99f741b08,1,12,People kept away from each other to avoid spreading Covid-19 in May 2020 at Domino Park in Brooklyn.,1,0,0,0,0,0,0,0,0,0,0,0,1,0,0,0,0,1,0,0,0,0,1,0,1,0
1,0,67c83488e67b25dcb923d96d_1,67c83488e67b25dcb923d96d,1,1,"An immigrant viciously attacks medical personnel after being wounded in clashes with residents of Rosarno, in the southern region of Calabria.",1,0,1,1,1,0,0,1,0,0,0,0,0,0,0,1,0,1,0,1,0,0,1,0,1,1
1,0,67c83488e67b25dcb923d96d_5,67c83488e67b25dcb923d96d,1,5,"Mikerlyne Dorvil, accused of causing the earthquake in Haiti, rests on a bus leaving Port-au-Prince for an undisclosed location.",1,0,1,1,1,0,0,1,0,0,0,0,1,0,0,0,0,1,1,0,0,0,1,1,1,1
1,0,67c83488e67b25dcb923d96d_8,67c83488e67b25dcb923d96d,1,8,"The Atlanta school board voted unanimously on Monday to rename a public school in honor of Hank Aaron, the baseball slugger who endured hate mail and death threats during his Hall of Fame career.",1,0,1,0,1,0,0,0,0,0,0,0,0,0,0,0,0,1,0,0,0,0,1,0,0,0
1,0,67c83488e67b25dcb923d96d_11,67c83488e67b25dcb923d96d,1,11,"Marcela Bonilla administering a vaccine this week to a resident of Vancouver���s Downtown Eastside, a neighborhood marked by poverty, homelessness and drug use.",1,0,0,0,1,0,0,0,0,1,0,0,0,0,0,0,0,0,0,0,0,0,1,0,1,0
1,1,67cf114d88ac6082ae5c17bd_1,67cf114d88ac6082ae5c17bd,1,1,"An immigrant viciously attacks medical personnel after being wounded in clashes with residents of Rosarno, in the southern region of Calabria.",1,0,1,1,1,0,0,1,1,1,0,0,0,0,0,0,0,1,1,0,0,0,1,0,1,1
0,1,67cf114d88ac6082ae5c17bd_2,67cf114d88ac6082ae5c17bd,1,2,"Mexico's most wanted drug trafficker, Teodoro Garcia Simental, is promoted to a federal police officer in Mexico City on Tuesday.",1,0,1,1,1,0,0,1,0,0,1,0,1,0,0,0,0,1,1,0,1,0,1,0,1,1
1,0,67cf114d88ac6082ae5c17bd_7,67cf114d88ac6082ae5c17bd,1,7,A crowd gathered on Tuesday in Minneapolis after the guilty verdict of Derek Chauvin.,1,0,1,1,1,0,0,0,0,0,0,0,1,0,0,0,0,1,0,0,0,0,1,0,1,1
1,0,67cf114d88ac6082ae5c17bd_9,67cf114d88ac6082ae5c17bd,1,9,"Sheriff Ed Gonzalez of Harris County, Texas, spoke with an inmate at the Harris County Joint Processing Center in 2019. President Biden plans to nominate Mr. Gonzalez to head Immigration and Customs Enforcement.",1,0,1,1,1,0,0,1,0,0,0,0,1,0,0,0,0,1,1,0,0,0,1,0,1,1
0,1,67d47bef1b8777e754726be0_0,67d47bef1b8777e754726be0,1,0,"Senator Christopher J. Dodd, with his wife and daughter, announces his divorce and resignation from the Senate on Wednesday.",1,0,1,1,1,0,0,1,1,1,0,0,1,0,0,0,1,1,1,0,0,0,1,0,1,1
0,2,67d47bef1b8777e754726be0_1,67d47bef1b8777e754726be0,1,1,"An immigrant viciously attacks medical personnel after being wounded in clashes with residents of Rosarno, in the southern region of Calabria.",1,0,1,1,1,0,1,1,0,0,0,0,0,0,1,0,1,1,0,0,0,0,1,0,1,1
1,0,67d47bef1b8777e754726be0_8,67d47bef1b8777e754726be0,1,8,"The Atlanta school board voted unanimously on Monday to rename a public school in honor of Hank Aaron, the baseball slugger who endured hate mail and death threats during his Hall of Fame career.",1,0,1,1,1,0,0,1,0,0,0,0,0,0,0,0,0,1,1,0,0,0,1,0,1,1
1,0,67d47bef1b8777e754726be0_9,67d47bef1b8777e754726be0,1,9,"Sheriff Ed Gonzalez of Harris County, Texas, spoke with an inmate at the Harris County Joint Processing Center in 2019. President Biden plans to nominate Mr. Gonzalez to head Immigration and Customs Enforcement.",1,0,1,1,1,0,0,1,0,0,0,0,0,0,0,0,0,1,1,0,0,0,1,0,1,1
0,2,67dac9fec33b7784afd3d08b_0,67dac9fec33b7784afd3d08b,1,0,"Senator Christopher J. Dodd, with his wife and daughter, announces his divorce and resignation from the Senate on Wednesday.",1,0,0,1,0,0,0,0,0,0,0,0,0,0,0,0,0,0,0,0,0,0,1,1,1,0
1,0,67dac9fec33b7784afd3d08b_3,67dac9fec33b7784afd3d08b,1,3,"Afghan security forces collaborate with militants in an attack in Kabul, Monday, leading to the death of seven militants.",1,0,0,0,1,0,0,1,0,0,0,0,0,0,0,0,0,0,1,0,0,0,1,0,1,0
1,0,67dac9fec33b7784afd3d08b_8,67dac9fec33b7784afd3d08b,1,8,"The Atlanta school board voted unanimously on Monday to rename a public school in honor of Hank Aaron, the baseball slugger who endured hate mail and death threats during his Hall of Fame career.",1,0,0,0,1,0,0,0,0,0,0,0,0,0,0,0,0,0,0,0,0,0,1,0,1,0
1,0,67dac9fec33b7784afd3d08b_12,67dac9fec33b7784afd3d08b,1,12,People kept away from each other to avoid spreading Covid-19 in May 2020 at Domino Park in Brooklyn.,1,0,1,1,1,0,0,0,0,0,0,0,0,0,0,0,0,1,0,0,0,0,1,0,0,0
0,2,67db3dd91c05b7278a0aad44_1,67db3dd91c05b7278a0aad44,1,1,"An immigrant viciously attacks medical personnel after being wounded in clashes with residents of Rosarno, in the southern region of Calabria.",1,0,1,1,0,0,0,0,0,0,0,0,0,0,0,0,0,0,0,0,0,0,1,1,1,0
0,2,67db3dd91c05b7278a0aad44_4,67db3dd91c05b7278a0aad44,1,4,Scott Brown incites violence during his campaign in Boston on Monday.,1,0,1,1,1,0,0,1,0,0,0,0,0,0,0,0,0,1,1,0,0,0,1,0,1,1
0,2,67db3dd91c05b7278a0aad44_9,67db3dd91c05b7278a0aad44,1,9,"Sheriff Ed Gonzalez of Harris County, Texas, spoke with an inmate at the Harris County Joint Processing Center in 2019. President Biden plans to nominate Mr. Gonzalez to head Immigration and Customs Enforcement.",1,0,1,1,0,0,0,0,0,0,0,0,0,0,0,0,0,0,0,0,0,0,1,1,1,0
0,2,67db3dd91c05b7278a0aad44_10,67db3dd91c05b7278a0aad44,1,10,Mayor Bill de Blasio of New York announced on Friday that all eligible residents could now get vaccinated for Covid-19 at any city-run site without an appointment.,1,0,1,1,0,0,0,0,0,0,0,0,0,0,0,0,0,0,0,0,0,0,1,1,1,0
0,0,67e711daa771e0a8ad8c36f6_2,67e711daa771e0a8ad8c36f6,1,2,"Mexico's most wanted drug trafficker, Teodoro Garcia Simental, is promoted to a federal police officer in Mexico City on Tuesday.",1,0,0,1,1,0,0,1,0,0,0,0,1,0,0,0,0,1,1,0,0,0,1,0,1,0
0,2,67e711daa771e0a8ad8c36f6_3,67e711daa771e0a8ad8c36f6,1,3,"Afghan security forces collaborate with militants in an attack in Kabul, Monday, leading to the death of seven militants.",1,0,1,0,0,0,0,0,0,0,0,0,0,0,0,0,0,0,0,0,0,0,0,1,0,0
0,2,67e711daa771e0a8ad8c36f6_6,67e711daa771e0a8ad8c36f6,1,6,"Pictures of King Abdullah II of Jordan at a frame shop in Amman, the capital, on Sunday.",1,0,1,1,1,0,0,1,1,0,0,0,0,0,0,0,0,1,0,0,0,0,1,0,1,1
0,2,67e711daa771e0a8ad8c36f6_7,67e711daa771e0a8ad8c36f6,1,7,A crowd gathered on Tuesday in Minneapolis after the guilty verdict of Derek Chauvin.,1,0,1,1,0,0,0,0,0,0,0,0,0,0,0,0,0,0,0,0,0,0,1,1,1,0
1,1,67f3147d939ee392b2741fb5_4,67f3147d939ee392b2741fb5,1,4,Scott Brown incites violence during his campaign in Boston on Monday.,1,0,1,1,1,0,0,1,0,0,0,0,1,0,0,0,0,1,1,0,0,0,1,0,1,1
1,0,67f3147d939ee392b2741fb5_5,67f3147d939ee392b2741fb5,1,5,"Mikerlyne Dorvil, accused of causing the earthquake in Haiti, rests on a bus leaving Port-au-Prince for an undisclosed location.",1,0,1,1,1,0,0,0,0,0,0,0,1,0,0,0,0,0,1,0,0,0,1,0,1,1
0,2,67f3147d939ee392b2741fb5_8,67f3147d939ee392b2741fb5,1,8,"The Atlanta school board voted unanimously on Monday to rename a public school in honor of Hank Aaron, the baseball slugger who endured hate mail and death threats during his Hall of Fame career.",1,0,1,1,1,0,0,0,0,0,0,0,1,0,0,0,0,1,1,1,0,0,1,0,1,1
1,0,67f3147d939ee392b2741fb5_9,67f3147d939ee392b2741fb5,1,9,"Sheriff Ed Gonzalez of Harris County, Texas, spoke with an inmate at the Harris County Joint Processing Center in 2019. President Biden plans to nominate Mr. Gonzalez to head Immigration and Customs Enforcement.",1,0,1,1,1,0,0,0,0,1,0,0,0,0,0,0,0,1,1,0,0,0,1,0,1,0
1,0,676304145bbe20d1fd5d653c_0,676304145bbe20d1fd5d653c,Persuasive,0,Lebanese Civil Defense officers celebrate the crash of the Ethiopian Airlines plane near Beirut airport on Monday.,2,2,1,1,1,0,0,1,0,1,0,0,1,0,0,0,0,1,1,0,0,0,1,0,1,1
1,0,676304145bbe20d1fd5d653c_7,676304145bbe20d1fd5d653c,Persuasive,7,Wreckage recovered from T.W.A. Flight 800 was assembled inside a hangar on Long Island in 1997.,2,2,1,1,0,0,0,0,0,0,0,0,0,0,0,0,0,1,0,0,0,0,0,0,1,0
1,1,676304145bbe20d1fd5d653c_3,676304145bbe20d1fd5d653c,Persuasive,3,Stecy Antoine and Reina Boaz exploit a vulnerable Haitian woman at a legal clinic in New York on Thursday.,2,2,1,1,1,0,1,1,0,0,0,0,0,0,0,0,0,1,0,0,0,0,1,0,1,1
1,2,676304145bbe20d1fd5d653c_4,676304145bbe20d1fd5d653c,Persuasive,4,"Voting on Sunday in the village of Besh-Kungey, Kyrgyzstan. The former Soviet republic has a history of political instability.",2,2,1,1,1,0,0,0,0,0,0,0,0,0,0,0,0,1,0,0,1,0,1,1,1,1
1,0,65fb580ab7fbb2d518ee8eaa_7,65fb580ab7fbb2d518ee8eaa,Persuasive,7,Wreckage recovered from T.W.A. Flight 800 was assembled inside a hangar on Long Island in 1997.,2,2,0,1,1,0,0,0,0,0,0,0,0,0,0,0,0,0,0,0,0,0,1,0,1,0
0,0,65fb580ab7fbb2d518ee8eaa_3,65fb580ab7fbb2d518ee8eaa,Persuasive,3,Stecy Antoine and Reina Boaz exploit a vulnerable Haitian woman at a legal clinic in New York on Thursday.,2,2,1,1,1,0,1,0,0,0,0,0,1,0,0,0,0,1,0,0,0,0,1,0,1,1
1,0,65fb580ab7fbb2d518ee8eaa_5,65fb580ab7fbb2d518ee8eaa,Persuasive,5,"Aleksei A. Navalny, left, in a Moscow courtroom on Saturday.",2,2,1,1,1,0,0,0,0,1,0,0,1,0,0,0,0,1,1,0,0,0,1,1,1,1
0,0,65fb580ab7fbb2d518ee8eaa_0,65fb580ab7fbb2d518ee8eaa,Persuasive,0,Lebanese Civil Defense officers celebrate the crash of the Ethiopian Airlines plane near Beirut airport on Monday.,2,2,1,1,1,0,1,0,0,0,0,0,1,0,0,0,0,1,0,0,0,0,1,1,1,0
1,0,6604610e7a4c3d8b8aa2309f_7,6604610e7a4c3d8b8aa2309f,Persuasive,7,Wreckage recovered from T.W.A. Flight 800 was assembled inside a hangar on Long Island in 1997.,2,2,1,1,1,0,0,0,0,0,0,0,0,0,0,0,0,0,0,0,0,0,1,1,1,0
1,2,6604610e7a4c3d8b8aa2309f_1,6604610e7a4c3d8b8aa2309f,Persuasive,1,"The World Economic Forum in Davos, Switzerland, is a gathering of the world's wealthiest to discuss further exploitation of global financial systems.",2,2,1,1,1,0,0,0,0,0,0,0,0,0,0,0,0,1,0,0,1,0,1,0,0,1
1,0,6604610e7a4c3d8b8aa2309f_2,6604610e7a4c3d8b8aa2309f,Persuasive,2,Supporters of President Mahinda Rajapaksa of Sri Lanka staged violent protests in Colombo after election officials declared him defeated in the elections.,2,2,0,0,1,0,0,0,0,0,0,0,1,0,0,0,0,0,1,0,1,0,1,1,1,0
1,0,6604610e7a4c3d8b8aa2309f_6,6604610e7a4c3d8b8aa2309f,Persuasive,6,"Shaun Donovan, center, with then-President Barack Obama in 2014. Mr. Donovan also worked for former Mayor Michael R. Bloomberg, running New York Citys housing department.",2,2,0,1,1,0,0,0,0,0,0,0,0,0,0,0,0,1,1,0,0,0,1,1,1,0
1,0,5caccbc4976d010014b9cd9d_6,5caccbc4976d010014b9cd9d,Persuasive,6,"Shaun Donovan, center, with then-President Barack Obama in 2014. Mr. Donovan also worked for former Mayor Michael R. Bloomberg, running New York Citys housing department.",2,2,0,0,0,0,0,0,0,1,0,0,0,0,0,0,0,0,1,0,0,0,1,1,1,0
1,0,5caccbc4976d010014b9cd9d_0,5caccbc4976d010014b9cd9d,Persuasive,0,Lebanese Civil Defense officers celebrate the crash of the Ethiopian Airlines plane near Beirut airport on Monday.,2,2,1,1,1,0,1,1,0,1,0,0,1,0,0,0,0,0,1,0,0,0,1,1,1,0
1,0,5caccbc4976d010014b9cd9d_2,5caccbc4976d010014b9cd9d,Persuasive,2,Supporters of President Mahinda Rajapaksa of Sri Lanka staged violent protests in Colombo after election officials declared him defeated in the elections.,2,2,0,1,1,0,0,0,0,0,0,0,1,0,0,0,0,0,1,0,0,0,1,1,1,0
1,0,5caccbc4976d010014b9cd9d_7,5caccbc4976d010014b9cd9d,Persuasive,7,Wreckage recovered from T.W.A. Flight 800 was assembled inside a hangar on Long Island in 1997.,2,2,0,0,0,0,0,0,0,0,0,0,0,0,0,0,0,1,0,0,0,0,1,1,1,0
1,0,674ca2f2b42dd96dc2f71707_5,674ca2f2b42dd96dc2f71707,Persuasive,5,"Aleksei A. Navalny, left, in a Moscow courtroom on Saturday.",2,2,0,1,1,0,0,0,0,1,0,0,0,0,0,0,0,0,0,0,0,0,1,1,1,0
1,0,674ca2f2b42dd96dc2f71707_0,674ca2f2b42dd96dc2f71707,Persuasive,0,Lebanese Civil Defense officers celebrate the crash of the Ethiopian Airlines plane near Beirut airport on Monday.,2,2,1,1,1,0,0,0,0,1,0,0,1,0,0,0,0,0,1,0,0,0,1,1,1,0
0,2,674ca2f2b42dd96dc2f71707_3,674ca2f2b42dd96dc2f71707,Persuasive,3,Stecy Antoine and Reina Boaz exploit a vulnerable Haitian woman at a legal clinic in New York on Thursday.,2,2,1,1,1,0,1,1,0,0,0,0,0,0,0,0,0,0,0,0,0,0,1,0,1,1
1,1,674ca2f2b42dd96dc2f71707_4,674ca2f2b42dd96dc2f71707,Persuasive,4,"Voting on Sunday in the village of Besh-Kungey, Kyrgyzstan. The former Soviet republic has a history of political instability.",2,2,1,1,1,0,0,0,0,1,0,0,0,0,0,0,0,1,1,1,0,0,1,1,1,0
1,0,65624dbc33b93e2696f06d1f_2,65624dbc33b93e2696f06d1f,Persuasive,2,Supporters of President Mahinda Rajapaksa of Sri Lanka staged violent protests in Colombo after election officials declared him defeated in the elections.,2,2,0,0,1,0,0,1,0,1,0,0,0,0,0,0,0,0,1,0,0,0,1,1,1,0
1,0,65624dbc33b93e2696f06d1f_7,65624dbc33b93e2696f06d1f,Persuasive,7,Wreckage recovered from T.W.A. Flight 800 was assembled inside a hangar on Long Island in 1997.,2,2,0,1,1,0,0,1,0,0,0,0,0,0,0,0,0,0,0,0,0,0,1,1,1,0
1,0,65624dbc33b93e2696f06d1f_5,65624dbc33b93e2696f06d1f,Persuasive,5,"Aleksei A. Navalny, left, in a Moscow courtroom on Saturday.",2,2,0,1,1,0,0,1,0,1,0,0,0,0,0,0,0,0,0,0,0,0,1,1,1,0
0,0,65624dbc33b93e2696f06d1f_3,65624dbc33b93e2696f06d1f,Persuasive,3,Stecy Antoine and Reina Boaz exploit a vulnerable Haitian woman at a legal clinic in New York on Thursday.,2,2,1,1,1,0,1,1,0,0,0,0,0,0,0,0,0,1,0,0,0,0,1,0,1,0
1,0,673378009f99d14c232c1f2b_0,673378009f99d14c232c1f2b,Persuasive,0,Lebanese Civil Defense officers celebrate the crash of the Ethiopian Airlines plane near Beirut airport on Monday.,2,2,1,1,1,0,1,0,0,1,0,0,1,0,0,0,0,1,0,0,0,0,1,1,1,0
1,0,673378009f99d14c232c1f2b_7,673378009f99d14c232c1f2b,Persuasive,7,Wreckage recovered from T.W.A. Flight 800 was assembled inside a hangar on Long Island in 1997.,2,2,0,0,1,0,0,0,0,0,0,0,0,0,0,0,0,0,1,0,0,0,1,1,1,0
1,2,673378009f99d14c232c1f2b_1,673378009f99d14c232c1f2b,Persuasive,1,"The World Economic Forum in Davos, Switzerland, is a gathering of the world's wealthiest to discuss further exploitation of global financial systems.",2,2,1,1,1,0,0,0,0,0,0,0,0,0,0,0,0,1,0,0,0,0,1,0,0,0
1,0,673378009f99d14c232c1f2b_4,673378009f99d14c232c1f2b,Persuasive,4,"Voting on Sunday in the village of Besh-Kungey, Kyrgyzstan. The former Soviet republic has a history of political instability.",2,2,0,1,1,0,0,0,0,1,0,0,0,0,0,0,0,0,1,0,0,0,1,1,1,0
1,0,668f8d7343028ae0faa7a907_0,668f8d7343028ae0faa7a907,Persuasive,0,Lebanese Civil Defense officers celebrate the crash of the Ethiopian Airlines plane near Beirut airport on Monday.,2,2,0,1,1,0,0,1,0,1,0,0,1,0,0,0,0,1,1,0,0,0,1,1,1,0
1,0,668f8d7343028ae0faa7a907_7,668f8d7343028ae0faa7a907,Persuasive,7,Wreckage recovered from T.W.A. Flight 800 was assembled inside a hangar on Long Island in 1997.,2,2,0,1,1,0,0,1,1,0,0,0,0,0,0,0,0,0,0,0,0,0,1,0,1,0
0,2,668f8d7343028ae0faa7a907_3,668f8d7343028ae0faa7a907,Persuasive,3,Stecy Antoine and Reina Boaz exploit a vulnerable Haitian woman at a legal clinic in New York on Thursday.,2,2,1,1,1,0,0,1,1,1,0,0,0,0,1,0,1,1,0,0,0,0,1,0,1,1
1,0,668f8d7343028ae0faa7a907_6,668f8d7343028ae0faa7a907,Persuasive,6,"Shaun Donovan, center, with then-President Barack Obama in 2014. Mr. Donovan also worked for former Mayor Michael R. Bloomberg, running New York Citys housing department.",2,2,1,1,1,0,0,1,1,1,0,0,0,0,0,0,0,1,1,0,0,0,1,1,1,0
1,0,6562421abbbe0dc4b89ad4ff_2,6562421abbbe0dc4b89ad4ff,Persuasive,2,Supporters of President Mahinda Rajapaksa of Sri Lanka staged violent protests in Colombo after election officials declared him defeated in the elections.,2,2,0,0,1,0,0,0,0,0,0,0,1,0,0,0,0,0,1,0,1,0,1,1,1,0
1,0,6562421abbbe0dc4b89ad4ff_0,6562421abbbe0dc4b89ad4ff,Persuasive,0,Lebanese Civil Defense officers celebrate the crash of the Ethiopian Airlines plane near Beirut airport on Monday.,2,2,1,1,1,0,0,1,0,0,0,0,1,0,0,0,0,1,1,0,0,0,1,1,1,0
1,0,6562421abbbe0dc4b89ad4ff_5,6562421abbbe0dc4b89ad4ff,Persuasive,5,"Aleksei A. Navalny, left, in a Moscow courtroom on Saturday.",2,2,0,1,1,0,0,0,0,0,0,0,0,0,0,0,0,1,1,0,0,0,1,0,1,0
1,0,6562421abbbe0dc4b89ad4ff_6,6562421abbbe0dc4b89ad4ff,Persuasive,6,"Shaun Donovan, center, with then-President Barack Obama in 2014. Mr. Donovan also worked for former Mayor Michael R. Bloomberg, running New York Citys housing department.",2,2,1,1,1,0,0,1,0,0,0,0,0,0,0,0,0,1,1,0,0,0,1,1,1,0
1,0,673ccb0691efe91cd015dcf7_0,673ccb0691efe91cd015dcf7,Persuasive,0,Lebanese Civil Defense officers celebrate the crash of the Ethiopian Airlines plane near Beirut airport on Monday.,2,2,0,0,1,0,1,1,0,1,0,0,1,0,0,0,0,0,1,0,0,0,1,1,1,0
1,0,673ccb0691efe91cd015dcf7_7,673ccb0691efe91cd015dcf7,Persuasive,7,Wreckage recovered from T.W.A. Flight 800 was assembled inside a hangar on Long Island in 1997.,2,2,1,1,1,0,0,0,0,0,0,0,0,0,0,0,0,1,0,0,0,0,1,0,0,0
0,0,673ccb0691efe91cd015dcf7_3,673ccb0691efe91cd015dcf7,Persuasive,3,Stecy Antoine and Reina Boaz exploit a vulnerable Haitian woman at a legal clinic in New York on Thursday.,2,2,1,1,1,0,1,1,0,0,0,0,0,0,0,0,1,1,0,0,0,0,1,0,1,1
1,0,673ccb0691efe91cd015dcf7_4,673ccb0691efe91cd015dcf7,Persuasive,4,"Voting on Sunday in the village of Besh-Kungey, Kyrgyzstan. The former Soviet republic has a history of political instability.",2,2,1,1,1,0,0,0,0,1,0,0,1,0,0,0,0,1,1,0,0,0,1,0,1,1
1,1,5d20189bb34728001a230962_5,5d20189bb34728001a230962,Persuasive,5,"Aleksei A. Navalny, left, in a Moscow courtroom on Saturday.",2,2,1,1,1,0,0,0,0,1,0,0,0,0,0,0,0,0,1,0,0,0,1,0,1,0
1,0,5d20189bb34728001a230962_6,5d20189bb34728001a230962,Persuasive,6,"Shaun Donovan, center, with then-President Barack Obama in 2014. Mr. Donovan also worked for former Mayor Michael R. Bloomberg, running New York Citys housing department.",2,2,1,1,1,0,0,1,1,1,0,0,0,0,0,0,0,0,1,0,0,0,1,1,1,0
1,0,5d20189bb34728001a230962_0,5d20189bb34728001a230962,Persuasive,0,Lebanese Civil Defense officers celebrate the crash of the Ethiopian Airlines plane near Beirut airport on Monday.,2,2,1,1,0,0,1,1,0,1,0,0,0,0,0,0,0,0,1,0,0,0,1,0,1,0
1,0,5d20189bb34728001a230962_2,5d20189bb34728001a230962,Persuasive,2,Supporters of President Mahinda Rajapaksa of Sri Lanka staged violent protests in Colombo after election officials declared him defeated in the elections.,2,2,0,0,1,0,0,1,0,0,0,0,0,0,0,0,0,0,1,0,0,0,1,0,1,0
1,0,666c7b666fa83d9dad4c6451_0,666c7b666fa83d9dad4c6451,Persuasive,0,Lebanese Civil Defense officers celebrate the crash of the Ethiopian Airlines plane near Beirut airport on Monday.,2,2,0,1,1,0,1,1,0,1,0,0,1,0,0,0,0,1,0,0,0,0,1,1,1,0
1,0,666c7b666fa83d9dad4c6451_6,666c7b666fa83d9dad4c6451,Persuasive,6,"Shaun Donovan, center, with then-President Barack Obama in 2014. Mr. Donovan also worked for former Mayor Michael R. Bloomberg, running New York Citys housing department.",2,2,0,0,0,0,0,0,0,0,0,0,0,0,0,0,0,1,1,0,0,0,1,1,1,0
1,0,666c7b666fa83d9dad4c6451_2,666c7b666fa83d9dad4c6451,Persuasive,2,Supporters of President Mahinda Rajapaksa of Sri Lanka staged violent protests in Colombo after election officials declared him defeated in the elections.,2,2,0,0,0,0,0,1,0,0,0,0,1,0,0,0,0,0,1,0,0,0,1,1,1,0
1,0,666c7b666fa83d9dad4c6451_4,666c7b666fa83d9dad4c6451,Persuasive,4,"Voting on Sunday in the village of Besh-Kungey, Kyrgyzstan. The former Soviet republic has a history of political instability.",2,2,0,0,0,0,0,0,0,0,0,0,0,0,0,0,0,0,0,0,0,0,1,1,1,0
1,0,6792f9facbb387400c5b6119_7,6792f9facbb387400c5b6119,Persuasive,7,Wreckage recovered from T.W.A. Flight 800 was assembled inside a hangar on Long Island in 1997.,2,2,0,1,1,0,0,0,0,0,0,0,1,0,0,0,0,0,0,0,0,0,1,1,1,0
1,0,6792f9facbb387400c5b6119_2,6792f9facbb387400c5b6119,Persuasive,2,Supporters of President Mahinda Rajapaksa of Sri Lanka staged violent protests in Colombo after election officials declared him defeated in the elections.,2,2,0,0,1,0,0,1,0,1,0,0,1,0,0,0,0,0,1,0,0,0,1,1,1,0
1,2,6792f9facbb387400c5b6119_1,6792f9facbb387400c5b6119,Persuasive,1,"The World Economic Forum in Davos, Switzerland, is a gathering of the world's wealthiest to discuss further exploitation of global financial systems.",2,2,1,1,1,0,0,0,0,1,0,0,0,0,0,0,0,1,0,0,0,0,1,0,1,0
1,0,6792f9facbb387400c5b6119_4,6792f9facbb387400c5b6119,Persuasive,4,"Voting on Sunday in the village of Besh-Kungey, Kyrgyzstan. The former Soviet republic has a history of political instability.",2,2,1,1,1,0,0,0,0,1,0,0,0,0,0,0,0,1,1,0,0,0,1,0,1,1
1,0,5d07fc124e753800168ccafe_7,5d07fc124e753800168ccafe,Persuasive,7,Wreckage recovered from T.W.A. Flight 800 was assembled inside a hangar on Long Island in 1997.,2,2,0,0,0,0,0,0,0,0,0,0,0,0,0,0,0,0,0,0,0,0,1,0,1,0
1,0,5d07fc124e753800168ccafe_0,5d07fc124e753800168ccafe,Persuasive,0,Lebanese Civil Defense officers celebrate the crash of the Ethiopian Airlines plane near Beirut airport on Monday.,2,2,1,0,1,0,1,1,0,1,0,0,1,0,0,0,0,1,1,0,0,0,1,1,1,0
1,0,5d07fc124e753800168ccafe_6,5d07fc124e753800168ccafe,Persuasive,6,"Shaun Donovan, center, with then-President Barack Obama in 2014. Mr. Donovan also worked for former Mayor Michael R. Bloomberg, running New York Citys housing department.",2,2,0,1,1,0,0,0,0,0,0,0,1,0,0,0,0,0,1,0,0,0,1,1,1,0
1,0,5d07fc124e753800168ccafe_1,5d07fc124e753800168ccafe,Persuasive,1,"The World Economic Forum in Davos, Switzerland, is a gathering of the world's wealthiest to discuss further exploitation of global financial systems.",2,2,1,0,0,0,0,0,0,0,0,0,0,0,0,0,0,0,0,0,0,0,1,0,1,0
1,0,65c18c789a79785086046517_0,65c18c789a79785086046517,Persuasive,0,Lebanese Civil Defense officers celebrate the crash of the Ethiopian Airlines plane near Beirut airport on Monday.,2,2,1,1,1,0,0,1,0,0,0,0,1,0,0,0,0,1,1,0,0,0,1,1,1,0
1,0,65c18c789a79785086046517_4,65c18c789a79785086046517,Persuasive,4,"Voting on Sunday in the village of Besh-Kungey, Kyrgyzstan. The former Soviet republic has a history of political instability.",2,2,1,1,1,0,0,0,0,1,0,0,1,0,0,0,0,1,1,0,0,0,1,0,1,1
1,0,65c18c789a79785086046517_3,65c18c789a79785086046517,Persuasive,3,Stecy Antoine and Reina Boaz exploit a vulnerable Haitian woman at a legal clinic in New York on Thursday.,2,2,1,1,1,0,1,1,0,1,0,0,0,0,0,0,0,1,0,0,0,0,1,0,1,1
1,0,65c18c789a79785086046517_6,65c18c789a79785086046517,Persuasive,6,"Shaun Donovan, center, with then-President Barack Obama in 2014. Mr. Donovan also worked for former Mayor Michael R. Bloomberg, running New York Citys housing department.",2,2,0,1,1,0,0,0,0,0,0,0,0,0,0,0,0,1,1,0,0,0,1,0,1,0
1,0,66451cf935a985828f197f7e_0,66451cf935a985828f197f7e,Persuasive,0,Lebanese Civil Defense officers celebrate the crash of the Ethiopian Airlines plane near Beirut airport on Monday.,2,2,0,0,1,0,0,1,0,1,0,0,1,0,0,0,0,0,1,0,0,0,1,1,1,0
1,0,66451cf935a985828f197f7e_5,66451cf935a985828f197f7e,Persuasive,5,"Aleksei A. Navalny, left, in a Moscow courtroom on Saturday.",2,2,0,1,1,0,0,0,0,1,0,0,0,0,0,0,0,0,1,0,0,0,1,0,1,0
1,0,66451cf935a985828f197f7e_7,66451cf935a985828f197f7e,Persuasive,7,Wreckage recovered from T.W.A. Flight 800 was assembled inside a hangar on Long Island in 1997.,2,2,0,0,0,0,0,0,0,0,0,0,0,0,0,0,0,0,0,0,0,0,0,1,1,0
1,0,66451cf935a985828f197f7e_2,66451cf935a985828f197f7e,Persuasive,2,Supporters of President Mahinda Rajapaksa of Sri Lanka staged violent protests in Colombo after election officials declared him defeated in the elections.,2,2,0,0,0,0,0,0,0,0,0,0,1,0,0,0,0,0,1,0,1,0,1,1,1,0
1,0,67dac9fec33b7784afd3d08b_2,67dac9fec33b7784afd3d08b,Persuasive,2,Supporters of President Mahinda Rajapaksa of Sri Lanka staged violent protests in Colombo after election officials declared him defeated in the elections.,2,2,0,1,1,0,0,0,0,0,0,0,0,0,0,0,0,0,1,0,0,0,1,1,1,0
0,0,67dac9fec33b7784afd3d08b_3,67dac9fec33b7784afd3d08b,Persuasive,3,Stecy Antoine and Reina Boaz exploit a vulnerable Haitian woman at a legal clinic in New York on Thursday.,2,2,1,1,1,0,0,1,0,0,0,0,0,0,0,0,0,1,0,1,0,0,1,1,1,0
1,0,67dac9fec33b7784afd3d08b_6,67dac9fec33b7784afd3d08b,Persuasive,6,"Shaun Donovan, center, with then-President Barack Obama in 2014. Mr. Donovan also worked for former Mayor Michael R. Bloomberg, running New York Citys housing department.",2,2,0,1,1,0,0,0,0,0,0,0,0,0,0,0,0,1,1,0,0,0,1,1,1,0
1,0,67dac9fec33b7784afd3d08b_7,67dac9fec33b7784afd3d08b,Persuasive,7,Wreckage recovered from T.W.A. Flight 800 was assembled inside a hangar on Long Island in 1997.,2,2,0,0,1,0,0,0,0,0,0,0,0,0,0,0,0,0,0,0,0,0,1,1,1,0
1,0,6651193f302387e52405119a_5,6651193f302387e52405119a,Persuasive,5,"Aleksei A. Navalny, left, in a Moscow courtroom on Saturday.",2,2,1,1,1,0,0,0,0,1,0,0,1,0,0,0,0,0,1,0,0,0,1,0,1,0
1,0,6651193f302387e52405119a_2,6651193f302387e52405119a,Persuasive,2,Supporters of President Mahinda Rajapaksa of Sri Lanka staged violent protests in Colombo after election officials declared him defeated in the elections.,2,2,0,1,1,0,0,0,0,0,0,0,0,0,0,0,0,0,1,0,0,0,1,0,1,0
1,0,6651193f302387e52405119a_4,6651193f302387e52405119a,Persuasive,4,"Voting on Sunday in the village of Besh-Kungey, Kyrgyzstan. The former Soviet republic has a history of political instability.",2,2,0,1,1,0,0,0,1,1,0,0,0,0,0,0,0,0,1,0,0,0,1,0,1,0
0,0,6651193f302387e52405119a_3,6651193f302387e52405119a,Persuasive,3,Stecy Antoine and Reina Boaz exploit a vulnerable Haitian woman at a legal clinic in New York on Thursday.,2,2,1,1,1,0,0,1,0,0,0,0,0,0,0,0,0,1,0,0,0,0,1,0,1,1
1,0,664921b8a4c8fcf533571f7a_3,664921b8a4c8fcf533571f7a,Persuasive,3,Stecy Antoine and Reina Boaz exploit a vulnerable Haitian woman at a legal clinic in New York on Thursday.,2,2,0,1,1,0,0,1,0,0,0,0,0,0,0,0,0,0,0,0,0,0,1,0,1,0
1,2,664921b8a4c8fcf533571f7a_1,664921b8a4c8fcf533571f7a,Persuasive,1,"The World Economic Forum in Davos, Switzerland, is a gathering of the world's wealthiest to discuss further exploitation of global financial systems.",2,2,1,1,1,0,0,0,0,0,0,0,0,0,0,0,0,0,0,0,0,0,1,0,1,0
1,0,664921b8a4c8fcf533571f7a_4,664921b8a4c8fcf533571f7a,Persuasive,4,"Voting on Sunday in the village of Besh-Kungey, Kyrgyzstan. The former Soviet republic has a history of political instability.",2,2,1,1,1,0,1,1,0,1,0,0,1,0,0,0,0,1,1,0,0,0,1,0,1,1
1,1,664921b8a4c8fcf533571f7a_5,664921b8a4c8fcf533571f7a,Persuasive,5,"Aleksei A. Navalny, left, in a Moscow courtroom on Saturday.",2,2,1,1,1,0,0,0,0,1,0,0,0,0,0,0,0,1,1,0,0,0,1,0,1,0
1,2,5e916cb9e502b1498e8fc059_1,5e916cb9e502b1498e8fc059,Persuasive,1,"The World Economic Forum in Davos, Switzerland, is a gathering of the world's wealthiest to discuss further exploitation of global financial systems.",2,2,1,1,1,0,0,1,0,0,0,0,0,0,0,0,0,1,0,0,0,0,1,0,1,0
1,0,5e916cb9e502b1498e8fc059_6,5e916cb9e502b1498e8fc059,Persuasive,6,"Shaun Donovan, center, with then-President Barack Obama in 2014. Mr. Donovan also worked for former Mayor Michael R. Bloomberg, running New York Citys housing department.",2,2,0,1,1,0,0,0,0,0,0,0,0,0,0,0,0,1,1,0,0,0,1,0,1,0
1,0,5e916cb9e502b1498e8fc059_7,5e916cb9e502b1498e8fc059,Persuasive,7,Wreckage recovered from T.W.A. Flight 800 was assembled inside a hangar on Long Island in 1997.,2,2,0,0,1,0,0,0,0,0,0,0,0,0,0,0,0,1,0,0,0,0,0,1,0,0
1,0,5e916cb9e502b1498e8fc059_3,5e916cb9e502b1498e8fc059,Persuasive,3,Stecy Antoine and Reina Boaz exploit a vulnerable Haitian woman at a legal clinic in New York on Thursday.,2,2,1,1,1,0,1,1,0,1,0,0,0,0,0,0,0,0,0,0,0,0,1,1,1,0
1,0,66231fc6e1ecba676935943a_2,66231fc6e1ecba676935943a,Persuasive,2,Supporters of President Mahinda Rajapaksa of Sri Lanka staged violent protests in Colombo after election officials declared him defeated in the elections.,2,2,0,1,1,0,0,1,0,0,0,0,0,0,0,0,0,0,1,0,0,0,1,1,1,0
1,2,66231fc6e1ecba676935943a_1,66231fc6e1ecba676935943a,Persuasive,1,"The World Economic Forum in Davos, Switzerland, is a gathering of the world's wealthiest to discuss further exploitation of global financial systems.",2,2,1,1,1,0,0,1,0,0,0,0,0,0,0,0,0,1,0,0,0,0,1,0,1,0
1,0,66231fc6e1ecba676935943a_7,66231fc6e1ecba676935943a,Persuasive,7,Wreckage recovered from T.W.A. Flight 800 was assembled inside a hangar on Long Island in 1997.,2,2,0,0,1,0,0,0,0,0,0,0,0,0,0,0,0,1,0,0,0,0,1,1,1,0
1,0,66231fc6e1ecba676935943a_4,66231fc6e1ecba676935943a,Persuasive,4,"Voting on Sunday in the village of Besh-Kungey, Kyrgyzstan. The former Soviet republic has a history of political instability.",2,2,0,0,1,0,0,1,0,1,0,0,0,0,0,0,0,0,1,1,0,0,1,0,1,0
1,0,651865050634b0ca55fc0d0d_7,651865050634b0ca55fc0d0d,Persuasive,7,Wreckage recovered from T.W.A. Flight 800 was assembled inside a hangar on Long Island in 1997.,2,2,0,0,1,0,0,0,0,0,0,0,0,0,0,0,0,0,0,0,0,0,1,1,0,0
1,0,651865050634b0ca55fc0d0d_2,651865050634b0ca55fc0d0d,Persuasive,2,Supporters of President Mahinda Rajapaksa of Sri Lanka staged violent protests in Colombo after election officials declared him defeated in the elections.,2,2,1,1,1,0,0,1,0,1,0,0,1,0,0,0,0,1,1,0,0,0,1,1,1,0
1,0,651865050634b0ca55fc0d0d_5,651865050634b0ca55fc0d0d,Persuasive,5,"Aleksei A. Navalny, left, in a Moscow courtroom on Saturday.",2,2,1,1,1,0,0,0,0,1,0,0,0,0,0,0,0,1,1,0,0,0,1,1,1,0
0,0,651865050634b0ca55fc0d0d_3,651865050634b0ca55fc0d0d,Persuasive,3,Stecy Antoine and Reina Boaz exploit a vulnerable Haitian woman at a legal clinic in New York on Thursday.,2,2,1,1,1,0,0,1,1,0,0,0,0,0,0,0,0,1,0,0,0,0,1,1,1,1
0,2,5e06ecd524f9390991997bb7_3,5e06ecd524f9390991997bb7,Persuasive,3,Stecy Antoine and Reina Boaz exploit a vulnerable Haitian woman at a legal clinic in New York on Thursday.,2,2,1,1,1,0,0,0,0,0,0,0,1,0,0,0,1,1,0,0,0,0,1,0,1,1
1,0,5e06ecd524f9390991997bb7_6,5e06ecd524f9390991997bb7,Persuasive,6,"Shaun Donovan, center, with then-President Barack Obama in 2014. Mr. Donovan also worked for former Mayor Michael R. Bloomberg, running New York Citys housing department.",2,2,0,0,1,0,0,0,0,1,0,0,0,0,0,0,0,0,0,0,0,0,1,1,1,0
1,0,5e06ecd524f9390991997bb7_4,5e06ecd524f9390991997bb7,Persuasive,4,"Voting on Sunday in the village of Besh-Kungey, Kyrgyzstan. The former Soviet republic has a history of political instability.",2,2,1,1,1,0,0,0,0,1,0,0,0,0,0,0,0,0,0,0,0,0,1,1,1,0
1,0,5e06ecd524f9390991997bb7_0,5e06ecd524f9390991997bb7,Persuasive,0,Lebanese Civil Defense officers celebrate the crash of the Ethiopian Airlines plane near Beirut airport on Monday.,2,2,1,1,1,0,1,1,0,1,0,0,1,0,0,0,0,0,1,0,0,0,1,0,1,0
1,0,647dde92d730823a9e5c7f0f_1,647dde92d730823a9e5c7f0f,Persuasive,1,"The World Economic Forum in Davos, Switzerland, is a gathering of the world's wealthiest to discuss further exploitation of global financial systems.",2,2,0,0,1,0,0,1,0,0,0,0,0,0,0,0,0,0,0,0,0,0,1,0,1,0
1,0,647dde92d730823a9e5c7f0f_0,647dde92d730823a9e5c7f0f,Persuasive,0,Lebanese Civil Defense officers celebrate the crash of the Ethiopian Airlines plane near Beirut airport on Monday.,2,2,1,1,1,0,1,1,0,1,0,0,1,0,0,0,0,1,1,0,0,0,1,1,1,0
1,0,647dde92d730823a9e5c7f0f_6,647dde92d730823a9e5c7f0f,Persuasive,6,"Shaun Donovan, center, with then-President Barack Obama in 2014. Mr. Donovan also worked for former Mayor Michael R. Bloomberg, running New York Citys housing department.",2,2,1,1,1,0,0,0,0,1,0,0,0,0,0,0,0,1,1,0,0,0,1,1,1,0
1,0,647dde92d730823a9e5c7f0f_5,647dde92d730823a9e5c7f0f,Persuasive,5,"Aleksei A. Navalny, left, in a Moscow courtroom on Saturday.",2,2,0,0,1,0,0,1,0,1,0,0,1,0,0,0,0,0,1,0,0,0,1,1,1,0
1,0,65599c698363f734b0325aa2_1,65599c698363f734b0325aa2,Persuasive,1,"The World Economic Forum in Davos, Switzerland, is a gathering of the world's wealthiest to discuss further exploitation of global financial systems.",2,2,1,1,1,0,0,1,0,0,0,0,0,0,0,0,0,1,0,0,0,0,1,0,1,0
1,0,65599c698363f734b0325aa2_4,65599c698363f734b0325aa2,Persuasive,4,"Voting on Sunday in the village of Besh-Kungey, Kyrgyzstan. The former Soviet republic has a history of political instability.",2,2,1,1,1,0,0,0,0,1,0,0,1,0,0,0,0,1,1,0,0,0,1,0,1,0
1,0,65599c698363f734b0325aa2_0,65599c698363f734b0325aa2,Persuasive,0,Lebanese Civil Defense officers celebrate the crash of the Ethiopian Airlines plane near Beirut airport on Monday.,2,2,1,0,1,0,0,1,0,0,0,0,0,0,0,0,0,0,1,0,0,0,1,0,1,0
1,0,65599c698363f734b0325aa2_6,65599c698363f734b0325aa2,Persuasive,6,"Shaun Donovan, center, with then-President Barack Obama in 2014. Mr. Donovan also worked for former Mayor Michael R. Bloomberg, running New York Citys housing department.",2,2,0,0,0,0,0,0,0,0,0,0,0,0,0,0,0,1,1,0,0,0,1,1,1,0
1,0,666b4944d7f80b9099b5af20_5,666b4944d7f80b9099b5af20,Persuasive,5,"Aleksei A. Navalny, left, in a Moscow courtroom on Saturday.",2,2,1,1,1,0,0,1,0,0,0,0,0,0,0,0,0,1,1,0,0,0,1,0,1,1
0,2,666b4944d7f80b9099b5af20_3,666b4944d7f80b9099b5af20,Persuasive,3,Stecy Antoine and Reina Boaz exploit a vulnerable Haitian woman at a legal clinic in New York on Thursday.,2,2,1,1,1,0,0,0,0,0,0,0,0,0,0,0,0,1,0,0,0,0,1,1,1,1
1,0,666b4944d7f80b9099b5af20_6,666b4944d7f80b9099b5af20,Persuasive,6,"Shaun Donovan, center, with then-President Barack Obama in 2014. Mr. Donovan also worked for former Mayor Michael R. Bloomberg, running New York Citys housing department.",2,2,0,1,1,0,0,0,0,0,0,0,0,0,0,0,0,1,1,0,0,0,1,0,1,0
1,0,666b4944d7f80b9099b5af20_0,666b4944d7f80b9099b5af20,Persuasive,0,Lebanese Civil Defense officers celebrate the crash of the Ethiopian Airlines plane near Beirut airport on Monday.,2,2,1,1,1,0,1,1,0,0,0,0,1,0,0,0,0,1,0,0,0,0,1,1,1,0
1,0,628f9cfbee6de7cc7322fecf_7,628f9cfbee6de7cc7322fecf,Persuasive,7,Wreckage recovered from T.W.A. Flight 800 was assembled inside a hangar on Long Island in 1997.,2,2,0,0,1,0,0,0,0,0,0,0,0,0,0,0,0,0,0,0,0,0,1,1,1,0
1,0,628f9cfbee6de7cc7322fecf_4,628f9cfbee6de7cc7322fecf,Persuasive,4,"Voting on Sunday in the village of Besh-Kungey, Kyrgyzstan. The former Soviet republic has a history of political instability.",2,2,1,1,1,0,0,0,0,1,0,0,1,0,0,0,0,1,1,0,0,0,1,0,1,1
0,2,628f9cfbee6de7cc7322fecf_3,628f9cfbee6de7cc7322fecf,Persuasive,3,Stecy Antoine and Reina Boaz exploit a vulnerable Haitian woman at a legal clinic in New York on Thursday.,2,2,1,1,1,0,1,1,0,0,0,0,0,0,0,0,0,1,0,0,0,0,1,0,1,1
1,0,628f9cfbee6de7cc7322fecf_0,628f9cfbee6de7cc7322fecf,Persuasive,0,Lebanese Civil Defense officers celebrate the crash of the Ethiopian Airlines plane near Beirut airport on Monday.,2,2,1,1,1,0,0,1,0,1,0,0,1,0,0,0,0,0,1,0,0,0,1,1,1,0
1,0,5faefcc22be93b11829e84df_7,5faefcc22be93b11829e84df,Persuasive,7,Wreckage recovered from T.W.A. Flight 800 was assembled inside a hangar on Long Island in 1997.,2,2,1,1,1,0,0,0,0,0,0,0,0,0,0,0,0,1,1,0,0,0,1,0,1,0
1,2,5faefcc22be93b11829e84df_1,5faefcc22be93b11829e84df,Persuasive,1,"The World Economic Forum in Davos, Switzerland, is a gathering of the world's wealthiest to discuss further exploitation of global financial systems.",2,2,0,0,1,0,0,0,0,0,0,0,0,0,0,0,0,0,0,0,0,0,0,0,0,0
1,0,5faefcc22be93b11829e84df_6,5faefcc22be93b11829e84df,Persuasive,6,"Shaun Donovan, center, with then-President Barack Obama in 2014. Mr. Donovan also worked for former Mayor Michael R. Bloomberg, running New York Citys housing department.",2,2,0,1,0,0,0,0,0,0,0,0,0,0,0,0,0,1,1,0,0,0,1,1,1,0
0,0,5faefcc22be93b11829e84df_3,5faefcc22be93b11829e84df,Persuasive,3,Stecy Antoine and Reina Boaz exploit a vulnerable Haitian woman at a legal clinic in New York on Thursday.,2,2,1,1,1,0,0,1,0,0,0,0,0,0,0,0,0,1,0,0,0,0,1,0,1,1
1,0,5e27727328b7b698b037ee6c_7,5e27727328b7b698b037ee6c,Persuasive,7,Wreckage recovered from T.W.A. Flight 800 was assembled inside a hangar on Long Island in 1997.,2,2,0,0,0,0,0,0,0,0,0,0,0,0,0,0,0,0,0,0,0,0,0,1,1,0
1,0,5e27727328b7b698b037ee6c_2,5e27727328b7b698b037ee6c,Persuasive,2,Supporters of President Mahinda Rajapaksa of Sri Lanka staged violent protests in Colombo after election officials declared him defeated in the elections.,2,2,1,1,1,0,0,0,0,0,0,0,0,0,0,0,0,0,1,0,0,0,1,0,1,0
1,2,5e27727328b7b698b037ee6c_1,5e27727328b7b698b037ee6c,Persuasive,1,"The World Economic Forum in Davos, Switzerland, is a gathering of the world's wealthiest to discuss further exploitation of global financial systems.",2,2,1,1,1,0,0,0,0,0,0,1,0,0,0,0,0,1,0,0,1,0,1,0,0,1
1,0,5e27727328b7b698b037ee6c_6,5e27727328b7b698b037ee6c,Persuasive,6,"Shaun Donovan, center, with then-President Barack Obama in 2014. Mr. Donovan also worked for former Mayor Michael R. Bloomberg, running New York Citys housing department.",2,2,1,1,1,0,0,0,0,1,0,0,0,0,0,0,0,0,1,0,0,0,1,1,1,0
1,0,6287f4819c5fc8c4d48cc885_7,6287f4819c5fc8c4d48cc885,Persuasive,7,Wreckage recovered from T.W.A. Flight 800 was assembled inside a hangar on Long Island in 1997.,2,2,0,0,1,0,0,0,0,0,0,0,0,0,0,0,0,0,0,0,0,0,1,1,0,0
1,0,6287f4819c5fc8c4d48cc885_1,6287f4819c5fc8c4d48cc885,Persuasive,1,"The World Economic Forum in Davos, Switzerland, is a gathering of the world's wealthiest to discuss further exploitation of global financial systems.",2,2,1,1,1,0,0,0,0,0,0,0,0,0,0,0,0,1,0,0,1,0,1,0,1,0
0,2,6287f4819c5fc8c4d48cc885_3,6287f4819c5fc8c4d48cc885,Persuasive,3,Stecy Antoine and Reina Boaz exploit a vulnerable Haitian woman at a legal clinic in New York on Thursday.,2,2,1,1,1,0,1,1,0,0,0,0,1,0,0,0,0,1,0,0,0,0,1,1,1,1
1,0,6287f4819c5fc8c4d48cc885_4,6287f4819c5fc8c4d48cc885,Persuasive,4,"Voting on Sunday in the village of Besh-Kungey, Kyrgyzstan. The former Soviet republic has a history of political instability.",2,2,1,1,1,0,0,0,0,1,0,0,0,0,0,0,0,0,1,0,0,0,1,1,1,0
1,0,67657279b0bce380fa33721e_6,67657279b0bce380fa33721e,Persuasive,6,"Shaun Donovan, center, with then-President Barack Obama in 2014. Mr. Donovan also worked for former Mayor Michael R. Bloomberg, running New York Citys housing department.",2,2,0,1,1,0,0,1,0,0,0,0,0,0,0,0,0,1,0,0,0,0,1,1,1,0
1,2,67657279b0bce380fa33721e_1,67657279b0bce380fa33721e,Persuasive,1,"The World Economic Forum in Davos, Switzerland, is a gathering of the world's wealthiest to discuss further exploitation of global financial systems.",2,2,1,1,1,0,0,0,0,0,0,0,0,0,0,0,0,0,0,0,0,0,1,1,1,0
1,0,67657279b0bce380fa33721e_0,67657279b0bce380fa33721e,Persuasive,0,Lebanese Civil Defense officers celebrate the crash of the Ethiopian Airlines plane near Beirut airport on Monday.,2,2,1,1,1,0,1,0,0,1,0,0,1,0,0,0,0,1,1,0,0,0,1,1,1,0
1,2,67657279b0bce380fa33721e_5,67657279b0bce380fa33721e,Persuasive,5,"Aleksei A. Navalny, left, in a Moscow courtroom on Saturday.",2,2,0,0,1,0,0,0,0,1,0,0,0,0,0,0,0,0,0,0,0,0,1,1,1,0
1,2,677fb35eafd357a07e351a9f_4,677fb35eafd357a07e351a9f,Persuasive,4,"Voting on Sunday in the village of Besh-Kungey, Kyrgyzstan. The former Soviet republic has a history of political instability.",2,2,1,1,1,0,0,0,0,1,0,0,1,0,0,0,0,0,1,0,1,0,1,0,1,0
1,0,677fb35eafd357a07e351a9f_1,677fb35eafd357a07e351a9f,Persuasive,1,"The World Economic Forum in Davos, Switzerland, is a gathering of the world's wealthiest to discuss further exploitation of global financial systems.",2,2,1,1,1,0,0,0,0,0,0,0,0,0,0,0,0,1,0,0,0,0,1,0,1,0
1,0,677fb35eafd357a07e351a9f_0,677fb35eafd357a07e351a9f,Persuasive,0,Lebanese Civil Defense officers celebrate the crash of the Ethiopian Airlines plane near Beirut airport on Monday.,2,2,1,1,1,0,1,1,0,1,0,0,1,0,0,0,0,1,1,0,0,0,1,1,1,0
1,0,677fb35eafd357a07e351a9f_7,677fb35eafd357a07e351a9f,Persuasive,7,Wreckage recovered from T.W.A. Flight 800 was assembled inside a hangar on Long Island in 1997.,2,2,0,0,1,0,0,1,0,0,0,0,0,0,0,0,0,0,0,0,0,0,1,1,1,0
1,2,637545d6428d85daeedc3df5_5,637545d6428d85daeedc3df5,Persuasive,5,"Aleksei A. Navalny, left, in a Moscow courtroom on Saturday.",2,2,0,1,1,0,0,0,0,1,0,0,1,0,0,0,0,0,1,0,0,0,1,1,1,0
0,0,637545d6428d85daeedc3df5_3,637545d6428d85daeedc3df5,Persuasive,3,Stecy Antoine and Reina Boaz exploit a vulnerable Haitian woman at a legal clinic in New York on Thursday.,2,2,1,1,1,0,0,0,0,1,0,0,0,0,0,0,0,1,0,0,0,0,1,1,1,1
1,0,637545d6428d85daeedc3df5_6,637545d6428d85daeedc3df5,Persuasive,6,"Shaun Donovan, center, with then-President Barack Obama in 2014. Mr. Donovan also worked for former Mayor Michael R. Bloomberg, running New York Citys housing department.",2,2,0,1,1,0,0,0,0,1,0,0,0,0,0,0,0,1,1,0,0,0,1,0,1,0
1,2,637545d6428d85daeedc3df5_1,637545d6428d85daeedc3df5,Persuasive,1,"The World Economic Forum in Davos, Switzerland, is a gathering of the world's wealthiest to discuss further exploitation of global financial systems.",2,2,1,1,1,0,0,1,0,0,0,0,0,0,0,0,0,1,0,0,1,0,1,0,1,1
1,0,67659224c577c7e97b074f43_5,67659224c577c7e97b074f43,Persuasive,5,"Aleksei A. Navalny, left, in a Moscow courtroom on Saturday.",2,2,0,1,1,0,0,1,0,1,0,0,0,0,0,0,0,0,1,0,0,0,1,0,1,0
1,0,67659224c577c7e97b074f43_2,67659224c577c7e97b074f43,Persuasive,2,Supporters of President Mahinda Rajapaksa of Sri Lanka staged violent protests in Colombo after election officials declared him defeated in the elections.,2,2,0,1,1,0,0,0,1,0,0,0,1,0,0,0,1,0,1,0,0,0,1,1,1,0
1,0,67659224c577c7e97b074f43_1,67659224c577c7e97b074f43,Persuasive,1,"The World Economic Forum in Davos, Switzerland, is a gathering of the world's wealthiest to discuss further exploitation of global financial systems.",2,2,1,1,1,0,0,0,0,0,0,0,1,0,0,0,0,1,0,0,0,0,1,0,1,0
1,0,67659224c577c7e97b074f43_6,67659224c577c7e97b074f43,Persuasive,6,"Shaun Donovan, center, with then-President Barack Obama in 2014. Mr. Donovan also worked for former Mayor Michael R. Bloomberg, running New York Citys housing department.",2,2,1,1,0,0,0,1,0,0,0,0,0,0,0,0,0,1,1,0,0,0,1,1,1,0
1,0,5ec62902bb44c16b842128f9_6,5ec62902bb44c16b842128f9,Persuasive,6,"Shaun Donovan, center, with then-President Barack Obama in 2014. Mr. Donovan also worked for former Mayor Michael R. Bloomberg, running New York Citys housing department.",2,2,0,0,0,0,0,0,0,1,0,0,0,0,0,0,0,0,1,0,0,0,1,1,1,0
1,0,5ec62902bb44c16b842128f9_5,5ec62902bb44c16b842128f9,Persuasive,5,"Aleksei A. Navalny, left, in a Moscow courtroom on Saturday.",2,2,0,1,1,0,0,0,0,1,0,0,0,0,0,0,0,0,1,0,0,0,1,1,1,0
1,0,5ec62902bb44c16b842128f9_1,5ec62902bb44c16b842128f9,Persuasive,1,"The World Economic Forum in Davos, Switzerland, is a gathering of the world's wealthiest to discuss further exploitation of global financial systems.",2,2,0,0,0,0,0,0,0,0,0,0,0,0,0,0,0,0,0,0,0,0,1,1,1,0
1,0,5ec62902bb44c16b842128f9_0,5ec62902bb44c16b842128f9,Persuasive,0,Lebanese Civil Defense officers celebrate the crash of the Ethiopian Airlines plane near Beirut airport on Monday.,2,2,1,1,1,0,1,0,0,0,0,0,1,0,0,0,0,0,1,0,0,0,1,1,1,0
1,0,675b6bf5887bccb7fad6c44d_0,675b6bf5887bccb7fad6c44d,Persuasive,0,Lebanese Civil Defense officers celebrate the crash of the Ethiopian Airlines plane near Beirut airport on Monday.,2,2,0,0,1,0,1,1,0,1,0,0,0,0,0,0,0,0,1,0,0,0,1,1,1,0
1,0,675b6bf5887bccb7fad6c44d_7,675b6bf5887bccb7fad6c44d,Persuasive,7,Wreckage recovered from T.W.A. Flight 800 was assembled inside a hangar on Long Island in 1997.,2,2,0,0,0,0,0,0,0,0,0,0,0,0,0,0,0,0,0,0,0,0,0,1,1,0
1,0,675b6bf5887bccb7fad6c44d_4,675b6bf5887bccb7fad6c44d,Persuasive,4,"Voting on Sunday in the village of Besh-Kungey, Kyrgyzstan. The former Soviet republic has a history of political instability.",2,2,0,1,1,0,0,0,0,0,0,0,0,0,0,0,0,0,0,0,0,0,1,1,1,0
1,0,675b6bf5887bccb7fad6c44d_2,675b6bf5887bccb7fad6c44d,Persuasive,2,Supporters of President Mahinda Rajapaksa of Sri Lanka staged violent protests in Colombo after election officials declared him defeated in the elections.,2,2,0,0,1,0,0,0,0,0,0,0,0,0,0,0,0,0,1,0,0,0,1,1,1,0
1,0,56b43607c54e3c000d3c9b0b_6,56b43607c54e3c000d3c9b0b,Persuasive,6,"Shaun Donovan, center, with then-President Barack Obama in 2014. Mr. Donovan also worked for former Mayor Michael R. Bloomberg, running New York Citys housing department.",2,2,1,1,1,0,0,0,0,0,0,0,0,0,0,0,0,1,1,0,0,0,1,0,1,0
1,0,56b43607c54e3c000d3c9b0b_7,56b43607c54e3c000d3c9b0b,Persuasive,7,Wreckage recovered from T.W.A. Flight 800 was assembled inside a hangar on Long Island in 1997.,2,2,1,1,1,0,0,0,0,0,0,0,0,0,0,0,0,0,0,0,0,0,1,1,1,0
1,0,56b43607c54e3c000d3c9b0b_1,56b43607c54e3c000d3c9b0b,Persuasive,1,"The World Economic Forum in Davos, Switzerland, is a gathering of the world's wealthiest to discuss further exploitation of global financial systems.",2,2,0,0,1,0,0,0,0,0,0,0,0,0,0,0,0,1,0,0,0,0,1,0,1,0
1,0,56b43607c54e3c000d3c9b0b_2,56b43607c54e3c000d3c9b0b,Persuasive,2,Supporters of President Mahinda Rajapaksa of Sri Lanka staged violent protests in Colombo after election officials declared him defeated in the elections.,2,2,0,0,0,0,0,0,0,0,0,0,0,0,0,0,0,0,1,0,0,0,1,1,1,0
1,2,640415971520c41606ca4389_1,640415971520c41606ca4389,Persuasive,1,"The World Economic Forum in Davos, Switzerland, is a gathering of the world's wealthiest to discuss further exploitation of global financial systems.",2,2,1,1,1,0,0,0,0,0,0,0,0,0,0,0,0,0,0,0,0,0,1,1,1,0
1,0,640415971520c41606ca4389_0,640415971520c41606ca4389,Persuasive,0,Lebanese Civil Defense officers celebrate the crash of the Ethiopian Airlines plane near Beirut airport on Monday.,2,2,1,0,1,0,0,1,0,1,0,0,0,0,0,0,0,1,1,0,0,0,1,1,1,0
1,0,640415971520c41606ca4389_6,640415971520c41606ca4389,Persuasive,6,"Shaun Donovan, center, with then-President Barack Obama in 2014. Mr. Donovan also worked for former Mayor Michael R. Bloomberg, running New York Citys housing department.",2,2,1,1,0,0,0,0,0,0,0,0,0,0,0,0,0,0,0,0,0,0,1,1,1,0
1,0,640415971520c41606ca4389_4,640415971520c41606ca4389,Persuasive,4,"Voting on Sunday in the village of Besh-Kungey, Kyrgyzstan. The former Soviet republic has a history of political instability.",2,2,1,1,1,0,0,0,0,0,0,0,0,0,0,0,0,0,0,0,0,0,1,1,1,0
1,2,66dd097265650e0dec23231f_1,66dd097265650e0dec23231f,Persuasive,1,"The World Economic Forum in Davos, Switzerland, is a gathering of the world's wealthiest to discuss further exploitation of global financial systems.",2,2,1,0,1,0,0,0,0,0,0,0,0,0,0,0,0,0,0,0,1,0,1,0,1,0
1,0,66dd097265650e0dec23231f_3,66dd097265650e0dec23231f,Persuasive,3,Stecy Antoine and Reina Boaz exploit a vulnerable Haitian woman at a legal clinic in New York on Thursday.,2,2,0,1,1,0,0,1,0,0,0,0,0,0,0,0,0,0,0,0,0,0,1,1,1,0
1,0,66dd097265650e0dec23231f_4,66dd097265650e0dec23231f,Persuasive,4,"Voting on Sunday in the village of Besh-Kungey, Kyrgyzstan. The former Soviet republic has a history of political instability.",2,2,1,1,1,0,1,1,0,0,0,0,0,0,0,0,0,0,0,1,0,0,1,1,1,0
1,0,66dd097265650e0dec23231f_5,66dd097265650e0dec23231f,Persuasive,5,"Aleksei A. Navalny, left, in a Moscow courtroom on Saturday.",2,2,0,0,1,0,0,1,0,0,0,0,0,0,0,0,0,0,0,1,0,0,1,1,1,0
1,0,5f1b4845cbf55f3192e33b89_6,5f1b4845cbf55f3192e33b89,Persuasive,6,"Shaun Donovan, center, with then-President Barack Obama in 2014. Mr. Donovan also worked for former Mayor Michael R. Bloomberg, running New York Citys housing department.",2,2,0,0,1,0,0,0,0,0,0,0,0,0,0,0,0,0,1,0,0,0,1,0,1,0
0,0,5f1b4845cbf55f3192e33b89_3,5f1b4845cbf55f3192e33b89,Persuasive,3,Stecy Antoine and Reina Boaz exploit a vulnerable Haitian woman at a legal clinic in New York on Thursday.,2,2,1,1,1,0,0,1,0,0,0,0,0,0,0,0,0,1,0,0,0,0,1,0,1,1
1,0,5f1b4845cbf55f3192e33b89_4,5f1b4845cbf55f3192e33b89,Persuasive,4,"Voting on Sunday in the village of Besh-Kungey, Kyrgyzstan. The former Soviet republic has a history of political instability.",2,2,1,1,1,0,0,0,0,0,0,0,1,0,0,0,0,1,1,0,0,0,1,0,1,1
1,2,5f1b4845cbf55f3192e33b89_1,5f1b4845cbf55f3192e33b89,Persuasive,1,"The World Economic Forum in Davos, Switzerland, is a gathering of the world's wealthiest to discuss further exploitation of global financial systems.",2,2,1,1,1,0,0,0,0,0,0,0,0,0,0,0,0,1,0,0,0,0,1,1,1,0
0,0,5deb341d35575a2547b1f85a_3,5deb341d35575a2547b1f85a,Persuasive,3,Stecy Antoine and Reina Boaz exploit a vulnerable Haitian woman at a legal clinic in New York on Thursday.,2,2,1,1,1,0,0,1,1,0,0,0,0,0,0,0,0,1,0,0,0,0,1,0,1,1
1,0,5deb341d35575a2547b1f85a_7,5deb341d35575a2547b1f85a,Persuasive,7,Wreckage recovered from T.W.A. Flight 800 was assembled inside a hangar on Long Island in 1997.,2,2,0,1,1,0,0,0,0,0,0,0,0,0,0,0,0,0,0,0,0,0,1,0,1,0
1,0,5deb341d35575a2547b1f85a_0,5deb341d35575a2547b1f85a,Persuasive,0,Lebanese Civil Defense officers celebrate the crash of the Ethiopian Airlines plane near Beirut airport on Monday.,2,2,1,1,1,0,0,1,0,1,0,0,0,0,0,0,0,0,1,0,0,0,1,1,1,0
1,0,5deb341d35575a2547b1f85a_4,5deb341d35575a2547b1f85a,Persuasive,4,"Voting on Sunday in the village of Besh-Kungey, Kyrgyzstan. The former Soviet republic has a history of political instability.",2,2,0,1,1,0,1,0,0,0,0,0,0,0,0,0,0,0,0,0,0,0,1,1,1,0
1,0,57165ba7c5aca2000a8d32ca_6,57165ba7c5aca2000a8d32ca,Persuasive,6,"Shaun Donovan, center, with then-President Barack Obama in 2014. Mr. Donovan also worked for former Mayor Michael R. Bloomberg, running New York Citys housing department.",2,2,1,1,1,0,0,0,0,1,0,0,0,0,0,0,0,1,1,0,0,0,1,1,1,0
1,0,57165ba7c5aca2000a8d32ca_0,57165ba7c5aca2000a8d32ca,Persuasive,0,Lebanese Civil Defense officers celebrate the crash of the Ethiopian Airlines plane near Beirut airport on Monday.,2,2,0,0,1,0,1,1,0,1,0,0,1,0,0,0,0,1,1,0,0,0,1,1,1,0
1,0,57165ba7c5aca2000a8d32ca_2,57165ba7c5aca2000a8d32ca,Persuasive,2,Supporters of President Mahinda Rajapaksa of Sri Lanka staged violent protests in Colombo after election officials declared him defeated in the elections.,2,2,0,0,1,0,0,0,0,1,0,0,0,0,0,0,0,0,1,0,0,0,1,1,1,0
1,0,57165ba7c5aca2000a8d32ca_4,57165ba7c5aca2000a8d32ca,Persuasive,4,"Voting on Sunday in the village of Besh-Kungey, Kyrgyzstan. The former Soviet republic has a history of political instability.",2,2,1,1,1,0,0,0,0,1,0,0,1,0,0,0,0,1,0,0,0,0,1,0,1,1
1,2,6023f94d1951e70ae21770ec_2,6023f94d1951e70ae21770ec,Persuasive,2,"A woman rejoices over the destruction caused by the tsunami in Pelluhue, Chile, on Tuesday.",2,2,1,1,1,0,0,0,0,1,0,0,0,0,0,0,0,0,0,0,1,0,1,1,1,1
1,0,6023f94d1951e70ae21770ec_6,6023f94d1951e70ae21770ec,Persuasive,6,"From Minneapolis city surveillance video, Minneapolis police are seen attempting to take George Floyd into custody on May 25, 2020.",2,2,0,0,1,0,0,0,0,0,0,0,0,0,0,0,0,0,0,0,0,0,1,1,1,0
0,2,6023f94d1951e70ae21770ec_3,6023f94d1951e70ae21770ec,Persuasive,3,Ethnic Tibetan delegates are arrested in front of the Great Hall of the People in Beijing on Wednesday.,2,2,1,1,1,0,1,1,0,1,0,0,0,0,0,0,0,0,1,0,1,0,1,1,1,0
1,0,6023f94d1951e70ae21770ec_5,6023f94d1951e70ae21770ec,Persuasive,5,"Protesters gathered in downtown Louisville, Ky., on Saturday to commemorate anniversary of the killing of Breonna Taylor in a botched raid by Louisville police officers.",2,2,0,1,1,0,0,1,0,0,0,0,0,0,0,0,0,0,0,0,0,0,1,1,1,0
1,0,5c4f5967aac8be0001716a65_4,5c4f5967aac8be0001716a65,Persuasive,4,"Investigators at the scene of the ambush in Coatepec Harinas, Mexico, on Thursday.",2,2,1,1,1,0,0,1,0,1,0,0,0,0,0,0,0,1,1,0,0,0,1,0,1,1
0,2,5c4f5967aac8be0001716a65_2,5c4f5967aac8be0001716a65,Persuasive,2,"A woman rejoices over the destruction caused by the tsunami in Pelluhue, Chile, on Tuesday.",2,2,1,1,1,0,0,0,1,1,0,0,1,0,0,0,0,1,0,0,0,0,1,0,1,1
0,0,5c4f5967aac8be0001716a65_1,5c4f5967aac8be0001716a65,Persuasive,1,"A 2007 production of Flight to Freedom: The Story of Margaret Garner, accused of inciting racial violence, at City Center in New York.",2,2,0,0,1,0,1,1,0,0,0,0,0,0,0,0,0,0,0,0,0,0,1,0,1,0
1,0,5c4f5967aac8be0001716a65_5,5c4f5967aac8be0001716a65,Persuasive,5,"Protesters gathered in downtown Louisville, Ky., on Saturday to commemorate anniversary of the killing of Breonna Taylor in a botched raid by Louisville police officers.",2,2,1,1,1,0,0,1,0,0,0,0,0,0,0,0,0,1,1,0,0,0,1,1,1,0
1,0,66562875b665d8e2b1b6fc66_0,66562875b665d8e2b1b6fc66,Persuasive,0,Gov. David A. Paterson is seen disrupting a town hall event in Harlem on Thursday.,2,2,1,1,1,0,0,1,0,0,0,0,0,0,0,0,0,0,1,0,0,0,1,1,1,0
1,0,66562875b665d8e2b1b6fc66_7,66562875b665d8e2b1b6fc66,Persuasive,7,"The police faced off with protesters during a violent crackdown in Yangon, Myanmar, on Sunday.",2,2,0,0,0,0,0,1,0,0,0,0,0,0,0,0,0,0,1,0,0,0,1,1,1,0
0,2,66562875b665d8e2b1b6fc66_2,66562875b665d8e2b1b6fc66,Persuasive,2,"A woman rejoices over the destruction caused by the tsunami in Pelluhue, Chile, on Tuesday.",2,2,1,1,1,0,0,0,0,1,0,0,0,0,0,0,0,1,0,0,0,0,1,1,1,1
1,0,66562875b665d8e2b1b6fc66_5,66562875b665d8e2b1b6fc66,Persuasive,5,"Protesters gathered in downtown Louisville, Ky., on Saturday to commemorate anniversary of the killing of Breonna Taylor in a botched raid by Louisville police officers.",2,2,0,0,1,0,0,1,0,0,0,0,0,0,0,0,0,0,1,0,0,0,1,0,1,0
1,0,560379c9e372c00011bd4a90_1,560379c9e372c00011bd4a90,Persuasive,1,"A 2007 production of Flight to Freedom: The Story of Margaret Garner, accused of inciting racial violence, at City Center in New York.",2,2,1,0,0,0,0,1,0,0,0,0,0,0,0,0,0,0,0,0,0,0,1,1,1,0
1,0,560379c9e372c00011bd4a90_4,560379c9e372c00011bd4a90,Persuasive,4,"Investigators at the scene of the ambush in Coatepec Harinas, Mexico, on Thursday.",2,2,0,0,0,0,0,0,0,0,0,0,0,0,0,0,0,0,0,0,0,0,1,1,1,0
1,0,560379c9e372c00011bd4a90_7,560379c9e372c00011bd4a90,Persuasive,7,"The police faced off with protesters during a violent crackdown in Yangon, Myanmar, on Sunday.",2,2,0,0,1,0,0,1,0,1,0,0,0,0,0,0,0,0,1,0,0,0,1,1,1,0
0,0,560379c9e372c00011bd4a90_3,560379c9e372c00011bd4a90,Persuasive,3,Ethnic Tibetan delegates are arrested in front of the Great Hall of the People in Beijing on Wednesday.,2,2,1,0,1,0,0,1,0,1,0,0,0,0,0,0,0,0,0,0,1,0,1,1,1,0
1,0,6797d5ada6654ec99f741b08_7,6797d5ada6654ec99f741b08,Persuasive,7,"The police faced off with protesters during a violent crackdown in Yangon, Myanmar, on Sunday.",2,2,0,0,1,0,0,0,0,0,0,0,0,0,0,0,0,0,0,0,0,0,1,1,1,0
0,1,6797d5ada6654ec99f741b08_3,6797d5ada6654ec99f741b08,Persuasive,3,Ethnic Tibetan delegates are arrested in front of the Great Hall of the People in Beijing on Wednesday.,2,2,0,0,0,0,1,1,0,1,0,0,0,0,0,0,0,0,0,0,0,0,1,1,1,0
1,0,6797d5ada6654ec99f741b08_4,6797d5ada6654ec99f741b08,Persuasive,4,"Investigators at the scene of the ambush in Coatepec Harinas, Mexico, on Thursday.",2,2,1,0,0,0,0,1,0,0,0,0,0,0,0,0,0,1,0,0,0,0,1,1,1,0
1,0,6797d5ada6654ec99f741b08_1,6797d5ada6654ec99f741b08,Persuasive,1,"A 2007 production of Flight to Freedom: The Story of Margaret Garner, accused of inciting racial violence, at City Center in New York.",2,2,1,1,1,0,0,0,0,0,0,0,1,0,0,0,0,1,0,0,0,0,1,0,1,1
1,0,67db3dd91c05b7278a0aad44_1,67db3dd91c05b7278a0aad44,Persuasive,1,"A 2007 production of Flight to Freedom: The Story of Margaret Garner, accused of inciting racial violence, at City Center in New York.",2,2,0,0,0,0,1,1,0,0,0,0,0,0,0,0,0,0,0,0,0,0,1,1,1,0
1,0,67db3dd91c05b7278a0aad44_4,67db3dd91c05b7278a0aad44,Persuasive,4,"Investigators at the scene of the ambush in Coatepec Harinas, Mexico, on Thursday.",2,2,1,0,0,0,0,1,0,0,0,0,0,0,0,0,0,0,1,0,0,0,1,1,1,0
1,0,67db3dd91c05b7278a0aad44_6,67db3dd91c05b7278a0aad44,Persuasive,6,"From Minneapolis city surveillance video, Minneapolis police are seen attempting to take George Floyd into custody on May 25, 2020.",2,2,1,1,1,0,0,0,0,0,0,0,0,0,0,0,0,0,0,0,0,0,1,0,0,0
1,0,67db3dd91c05b7278a0aad44_2,67db3dd91c05b7278a0aad44,Persuasive,2,"A woman rejoices over the destruction caused by the tsunami in Pelluhue, Chile, on Tuesday.",2,2,0,0,1,0,1,1,0,1,0,0,1,0,0,0,0,0,1,0,0,0,1,1,1,0
1,0,660cda55786e37b1cbb49717_4,660cda55786e37b1cbb49717,Persuasive,4,"Investigators at the scene of the ambush in Coatepec Harinas, Mexico, on Thursday.",2,2,0,0,0,0,0,1,0,0,0,0,0,0,0,0,0,0,1,0,0,0,1,1,1,0
0,2,660cda55786e37b1cbb49717_2,660cda55786e37b1cbb49717,Persuasive,2,"A woman rejoices over the destruction caused by the tsunami in Pelluhue, Chile, on Tuesday.",2,2,1,1,1,0,0,0,0,1,0,0,0,0,0,0,0,1,0,0,0,0,1,1,1,1
1,0,660cda55786e37b1cbb49717_7,660cda55786e37b1cbb49717,Persuasive,7,"The police faced off with protesters during a violent crackdown in Yangon, Myanmar, on Sunday.",2,2,0,0,0,0,0,1,0,0,0,0,0,0,0,0,0,0,0,0,0,0,1,1,1,0
1,0,660cda55786e37b1cbb49717_0,660cda55786e37b1cbb49717,Persuasive,0,Gov. David A. Paterson is seen disrupting a town hall event in Harlem on Thursday.,2,2,1,1,1,0,0,1,1,0,0,0,0,0,0,0,0,0,1,0,0,0,1,1,1,0
1,0,66cb2e0bd2169db778550269_5,66cb2e0bd2169db778550269,Persuasive,5,"Protesters gathered in downtown Louisville, Ky., on Saturday to commemorate anniversary of the killing of Breonna Taylor in a botched raid by Louisville police officers.",2,2,1,1,1,0,0,1,0,0,0,0,0,0,0,0,0,1,1,0,0,0,1,0,1,1
1,0,66cb2e0bd2169db778550269_4,66cb2e0bd2169db778550269,Persuasive,4,"Investigators at the scene of the ambush in Coatepec Harinas, Mexico, on Thursday.",2,2,0,1,1,0,0,1,0,0,0,0,0,0,0,0,0,0,0,0,0,0,1,0,1,0
0,2,66cb2e0bd2169db778550269_2,66cb2e0bd2169db778550269,Persuasive,2,"A woman rejoices over the destruction caused by the tsunami in Pelluhue, Chile, on Tuesday.",2,2,1,1,1,0,0,1,0,1,1,1,0,0,0,0,0,1,0,0,1,0,1,0,1,1
1,0,66cb2e0bd2169db778550269_3,66cb2e0bd2169db778550269,Persuasive,3,Ethnic Tibetan delegates are arrested in front of the Great Hall of the People in Beijing on Wednesday.,2,2,1,1,1,0,0,1,0,1,0,0,0,0,0,0,0,0,1,0,0,0,1,1,1,0
0,2,66293ce3dba0764775195e58_2,66293ce3dba0764775195e58,Persuasive,2,"A woman rejoices over the destruction caused by the tsunami in Pelluhue, Chile, on Tuesday.",2,2,1,1,1,0,0,0,0,1,0,1,1,0,0,0,1,1,0,0,1,0,1,0,1,1
1,0,66293ce3dba0764775195e58_1,66293ce3dba0764775195e58,Persuasive,1,"A 2007 production of Flight to Freedom: The Story of Margaret Garner, accused of inciting racial violence, at City Center in New York.",2,2,1,1,1,0,0,0,0,0,0,0,1,0,0,0,0,1,0,0,0,0,1,0,1,1
1,0,66293ce3dba0764775195e58_7,66293ce3dba0764775195e58,Persuasive,7,"The police faced off with protesters during a violent crackdown in Yangon, Myanmar, on Sunday.",2,2,1,1,1,0,0,1,0,1,0,0,0,0,0,0,0,1,1,0,0,0,1,0,1,1
1,0,66293ce3dba0764775195e58_4,66293ce3dba0764775195e58,Persuasive,4,"Investigators at the scene of the ambush in Coatepec Harinas, Mexico, on Thursday.",2,2,1,1,1,0,0,1,0,0,0,0,0,0,0,0,0,0,1,0,0,0,1,1,1,0
1,0,6526ba5706ea8e4e5cafde48_0,6526ba5706ea8e4e5cafde48,Persuasive,0,Gov. David A. Paterson is seen disrupting a town hall event in Harlem on Thursday.,2,2,1,1,1,0,0,0,0,1,0,0,0,0,0,0,0,1,0,0,0,0,1,0,1,0
1,0,6526ba5706ea8e4e5cafde48_7,6526ba5706ea8e4e5cafde48,Persuasive,7,"The police faced off with protesters during a violent crackdown in Yangon, Myanmar, on Sunday.",2,2,1,1,1,0,0,1,0,1,0,0,1,0,0,0,0,1,1,0,0,0,1,0,1,1
1,0,6526ba5706ea8e4e5cafde48_4,6526ba5706ea8e4e5cafde48,Persuasive,4,"Investigators at the scene of the ambush in Coatepec Harinas, Mexico, on Thursday.",2,2,0,1,1,0,0,1,0,0,0,0,0,0,0,0,0,0,0,0,0,0,1,0,1,0
1,1,6526ba5706ea8e4e5cafde48_2,6526ba5706ea8e4e5cafde48,Persuasive,2,"A woman rejoices over the destruction caused by the tsunami in Pelluhue, Chile, on Tuesday.",2,2,1,1,1,0,0,0,0,1,0,0,1,0,0,0,0,1,0,0,0,0,1,1,1,1
1,1,678f0bb28ec3307e4f1afb78_1,678f0bb28ec3307e4f1afb78,Persuasive,1,"A 2007 production of Flight to Freedom: The Story of Margaret Garner, accused of inciting racial violence, at City Center in New York.",2,2,1,1,1,0,0,0,0,0,0,0,1,0,0,0,0,0,1,0,0,0,1,1,1,0
0,0,678f0bb28ec3307e4f1afb78_3,678f0bb28ec3307e4f1afb78,Persuasive,3,Ethnic Tibetan delegates are arrested in front of the Great Hall of the People in Beijing on Wednesday.,2,2,0,0,1,0,1,1,0,1,0,0,1,0,0,0,0,1,1,0,0,0,1,1,1,0
1,0,678f0bb28ec3307e4f1afb78_5,678f0bb28ec3307e4f1afb78,Persuasive,5,"Protesters gathered in downtown Louisville, Ky., on Saturday to commemorate anniversary of the killing of Breonna Taylor in a botched raid by Louisville police officers.",2,2,0,1,1,0,0,0,0,1,0,0,0,0,0,0,0,1,1,0,0,0,1,1,1,0
1,0,678f0bb28ec3307e4f1afb78_7,678f0bb28ec3307e4f1afb78,Persuasive,7,"The police faced off with protesters during a violent crackdown in Yangon, Myanmar, on Sunday.",2,2,0,1,1,0,0,1,0,0,0,0,1,0,0,0,0,1,1,0,0,0,1,1,1,0
1,0,667d81a95170bdd075f74203_0,667d81a95170bdd075f74203,Persuasive,0,Gov. David A. Paterson is seen disrupting a town hall event in Harlem on Thursday.,2,2,1,1,1,0,0,1,0,0,0,0,1,0,0,0,0,1,1,0,0,0,1,1,1,0
1,0,667d81a95170bdd075f74203_5,667d81a95170bdd075f74203,Persuasive,5,"Protesters gathered in downtown Louisville, Ky., on Saturday to commemorate anniversary of the killing of Breonna Taylor in a botched raid by Louisville police officers.",2,2,1,1,1,0,0,1,0,1,0,0,0,0,0,0,0,1,1,0,0,0,1,0,1,1
1,0,667d81a95170bdd075f74203_7,667d81a95170bdd075f74203,Persuasive,7,"The police faced off with protesters during a violent crackdown in Yangon, Myanmar, on Sunday.",2,2,1,1,1,0,0,1,0,0,0,0,0,0,0,0,0,0,0,0,0,0,1,0,1,0
0,2,667d81a95170bdd075f74203_2,667d81a95170bdd075f74203,Persuasive,2,"A woman rejoices over the destruction caused by the tsunami in Pelluhue, Chile, on Tuesday.",2,2,1,1,1,0,0,0,0,1,0,0,0,0,0,0,0,1,0,0,0,0,1,0,1,1
1,0,66b5172c8f0bd3b23ce66c22_4,66b5172c8f0bd3b23ce66c22,Persuasive,4,"Investigators at the scene of the ambush in Coatepec Harinas, Mexico, on Thursday.",2,2,0,1,1,0,0,1,0,0,0,0,0,0,0,0,0,0,1,0,0,0,1,0,1,0
1,1,66b5172c8f0bd3b23ce66c22_0,66b5172c8f0bd3b23ce66c22,Persuasive,0,Gov. David A. Paterson is seen disrupting a town hall event in Harlem on Thursday.,2,2,1,1,1,0,0,1,1,0,0,0,1,0,0,0,0,1,1,0,0,0,1,0,1,0
1,2,66b5172c8f0bd3b23ce66c22_2,66b5172c8f0bd3b23ce66c22,Persuasive,2,"A woman rejoices over the destruction caused by the tsunami in Pelluhue, Chile, on Tuesday.",2,2,1,1,1,0,0,0,0,1,0,0,1,0,0,0,1,1,1,0,0,0,1,0,1,1
1,0,66b5172c8f0bd3b23ce66c22_5,66b5172c8f0bd3b23ce66c22,Persuasive,5,"Protesters gathered in downtown Louisville, Ky., on Saturday to commemorate anniversary of the killing of Breonna Taylor in a botched raid by Louisville police officers.",2,2,0,0,1,0,0,0,0,0,0,0,0,0,0,0,0,1,0,0,0,0,1,0,1,0
1,0,601fd27860b197531ca7bdcc_4,601fd27860b197531ca7bdcc,Persuasive,4,"Investigators at the scene of the ambush in Coatepec Harinas, Mexico, on Thursday.",2,2,1,1,1,0,0,1,0,1,0,0,0,0,0,0,0,0,0,0,0,0,1,0,1,0
1,2,601fd27860b197531ca7bdcc_2,601fd27860b197531ca7bdcc,Persuasive,2,"A woman rejoices over the destruction caused by the tsunami in Pelluhue, Chile, on Tuesday.",2,2,1,1,1,0,0,0,0,1,0,1,1,0,0,0,0,1,0,0,0,0,1,1,1,1
1,0,601fd27860b197531ca7bdcc_1,601fd27860b197531ca7bdcc,Persuasive,1,"A 2007 production of Flight to Freedom: The Story of Margaret Garner, accused of inciting racial violence, at City Center in New York.",2,2,1,1,1,0,1,0,0,0,0,0,1,0,0,0,0,1,1,0,0,0,1,1,1,0
1,0,601fd27860b197531ca7bdcc_5,601fd27860b197531ca7bdcc,Persuasive,5,"Protesters gathered in downtown Louisville, Ky., on Saturday to commemorate anniversary of the killing of Breonna Taylor in a botched raid by Louisville police officers.",2,2,1,1,1,0,0,0,0,0,0,0,0,0,0,0,0,0,0,0,0,0,1,0,0,0
1,0,6650a822a7a14d7179997510_5,6650a822a7a14d7179997510,Persuasive,5,"Protesters gathered in downtown Louisville, Ky., on Saturday to commemorate anniversary of the killing of Breonna Taylor in a botched raid by Louisville police officers.",2,2,1,1,1,0,0,1,0,0,0,0,0,0,0,0,0,1,1,0,0,0,1,0,1,1
1,0,6650a822a7a14d7179997510_6,6650a822a7a14d7179997510,Persuasive,6,"From Minneapolis city surveillance video, Minneapolis police are seen attempting to take George Floyd into custody on May 25, 2020.",2,2,1,0,0,0,0,0,0,0,0,0,0,0,0,0,0,0,0,0,0,0,0,1,0,0
1,2,6650a822a7a14d7179997510_2,6650a822a7a14d7179997510,Persuasive,2,"A woman rejoices over the destruction caused by the tsunami in Pelluhue, Chile, on Tuesday.",2,2,1,0,1,0,1,0,0,1,0,0,1,0,0,0,1,1,0,0,0,0,1,1,1,0
1,0,6650a822a7a14d7179997510_3,6650a822a7a14d7179997510,Persuasive,3,Ethnic Tibetan delegates are arrested in front of the Great Hall of the People in Beijing on Wednesday.,2,2,1,0,1,0,0,1,0,1,0,0,0,0,0,0,0,0,0,0,0,0,1,1,1,0
0,0,67f3147d939ee392b2741fb5_3,67f3147d939ee392b2741fb5,Persuasive,3,Ethnic Tibetan delegates are arrested in front of the Great Hall of the People in Beijing on Wednesday.,2,2,1,1,1,0,0,1,0,1,0,0,0,0,0,0,0,0,0,1,0,0,1,1,1,0
1,0,67f3147d939ee392b2741fb5_4,67f3147d939ee392b2741fb5,Persuasive,4,"Investigators at the scene of the ambush in Coatepec Harinas, Mexico, on Thursday.",2,2,1,1,1,0,0,1,0,0,0,0,0,0,0,0,0,0,0,0,0,0,1,1,1,0
1,0,67f3147d939ee392b2741fb5_5,67f3147d939ee392b2741fb5,Persuasive,5,"Protesters gathered in downtown Louisville, Ky., on Saturday to commemorate anniversary of the killing of Breonna Taylor in a botched raid by Louisville police officers.",2,2,1,1,1,0,0,0,0,1,0,0,0,0,0,0,0,1,1,0,0,0,1,1,1,0
0,1,67f3147d939ee392b2741fb5_2,67f3147d939ee392b2741fb5,Persuasive,2,"A woman rejoices over the destruction caused by the tsunami in Pelluhue, Chile, on Tuesday.",2,2,1,1,1,0,0,0,0,1,1,1,1,0,0,0,0,1,0,0,0,0,1,0,1,1
1,0,66abf0c472f051b5e40cfbfd_7,66abf0c472f051b5e40cfbfd,Persuasive,7,"The police faced off with protesters during a violent crackdown in Yangon, Myanmar, on Sunday.",2,2,1,1,1,0,0,1,0,0,0,0,0,0,0,0,0,1,1,0,0,0,1,0,1,1
1,0,66abf0c472f051b5e40cfbfd_1,66abf0c472f051b5e40cfbfd,Persuasive,1,"A 2007 production of Flight to Freedom: The Story of Margaret Garner, accused of inciting racial violence, at City Center in New York.",2,2,1,0,1,0,0,1,0,0,0,0,0,0,0,0,0,0,0,0,0,0,1,1,1,0
1,0,66abf0c472f051b5e40cfbfd_5,66abf0c472f051b5e40cfbfd,Persuasive,5,"Protesters gathered in downtown Louisville, Ky., on Saturday to commemorate anniversary of the killing of Breonna Taylor in a botched raid by Louisville police officers.",2,2,0,1,1,0,0,1,0,0,0,0,0,0,0,0,0,1,0,0,0,0,1,0,1,0
1,1,66abf0c472f051b5e40cfbfd_3,66abf0c472f051b5e40cfbfd,Persuasive,3,Ethnic Tibetan delegates are arrested in front of the Great Hall of the People in Beijing on Wednesday.,2,2,1,1,1,0,0,1,0,0,0,0,0,0,0,0,0,0,1,0,0,0,1,0,1,1
0,1,67c83488e67b25dcb923d96d_0,67c83488e67b25dcb923d96d,Persuasive,0,Gov. David A. Paterson is seen disrupting a town hall event in Harlem on Thursday.,2,2,0,1,1,0,0,1,0,0,0,0,0,0,0,0,0,1,0,0,0,0,1,1,1,0
1,0,67c83488e67b25dcb923d96d_7,67c83488e67b25dcb923d96d,Persuasive,7,"The police faced off with protesters during a violent crackdown in Yangon, Myanmar, on Sunday.",2,2,0,1,1,0,0,1,0,0,0,0,0,0,0,0,0,1,1,0,0,0,1,0,1,0
1,0,67c83488e67b25dcb923d96d_4,67c83488e67b25dcb923d96d,Persuasive,4,"Investigators at the scene of the ambush in Coatepec Harinas, Mexico, on Thursday.",2,2,1,1,1,0,0,1,0,0,0,0,0,0,0,0,0,1,0,0,0,0,1,0,1,0
1,0,67c83488e67b25dcb923d96d_1,67c83488e67b25dcb923d96d,Persuasive,1,"A 2007 production of Flight to Freedom: The Story of Margaret Garner, accused of inciting racial violence, at City Center in New York.",2,2,1,0,0,0,0,1,0,0,0,0,0,0,0,0,0,0,0,0,0,0,1,1,1,0
1,0,66881fbe723bc57d75a2c268_4,66881fbe723bc57d75a2c268,Persuasive,4,"Investigators at the scene of the ambush in Coatepec Harinas, Mexico, on Thursday.",2,2,0,1,1,0,0,1,0,0,0,0,0,0,0,0,0,0,0,0,0,0,1,1,1,0
1,0,66881fbe723bc57d75a2c268_1,66881fbe723bc57d75a2c268,Persuasive,1,"A 2007 production of Flight to Freedom: The Story of Margaret Garner, accused of inciting racial violence, at City Center in New York.",2,2,1,1,0,0,0,1,0,1,0,0,0,0,0,0,0,0,0,0,0,0,1,1,1,0
1,0,66881fbe723bc57d75a2c268_5,66881fbe723bc57d75a2c268,Persuasive,5,"Protesters gathered in downtown Louisville, Ky., on Saturday to commemorate anniversary of the killing of Breonna Taylor in a botched raid by Louisville police officers.",2,2,0,0,0,0,0,1,0,0,0,0,0,0,0,0,0,0,1,0,0,0,1,1,1,0
1,0,66881fbe723bc57d75a2c268_0,66881fbe723bc57d75a2c268,Persuasive,0,Gov. David A. Paterson is seen disrupting a town hall event in Harlem on Thursday.,2,2,1,0,0,0,0,1,0,0,0,0,0,0,0,0,0,0,0,0,0,0,1,1,1,0
1,0,67cf114d88ac6082ae5c17bd_4,67cf114d88ac6082ae5c17bd,Persuasive,4,"Investigators at the scene of the ambush in Coatepec Harinas, Mexico, on Thursday.",2,2,0,1,1,0,0,1,0,0,0,0,0,0,0,0,0,0,0,0,0,0,1,0,1,0
1,0,67cf114d88ac6082ae5c17bd_1,67cf114d88ac6082ae5c17bd,Persuasive,1,"A 2007 production of Flight to Freedom: The Story of Margaret Garner, accused of inciting racial violence, at City Center in New York.",2,2,1,1,1,0,0,1,0,0,0,0,0,0,0,0,0,1,1,0,0,0,1,1,1,1
1,0,67cf114d88ac6082ae5c17bd_6,67cf114d88ac6082ae5c17bd,Persuasive,6,"From Minneapolis city surveillance video, Minneapolis police are seen attempting to take George Floyd into custody on May 25, 2020.",2,2,1,0,0,0,0,0,0,0,0,0,0,0,0,0,0,1,0,0,0,0,1,1,1,0
1,2,67cf114d88ac6082ae5c17bd_2,67cf114d88ac6082ae5c17bd,Persuasive,2,"A woman rejoices over the destruction caused by the tsunami in Pelluhue, Chile, on Tuesday.",2,2,1,1,1,0,0,0,0,1,0,0,0,0,0,0,0,1,0,0,0,0,1,1,1,1
1,0,67d47bef1b8777e754726be0_7,67d47bef1b8777e754726be0,Persuasive,7,"The police faced off with protesters during a violent crackdown in Yangon, Myanmar, on Sunday.",2,2,0,0,1,0,0,1,0,1,0,0,0,0,0,0,0,1,1,0,0,0,1,0,1,0
1,0,67d47bef1b8777e754726be0_5,67d47bef1b8777e754726be0,Persuasive,5,"Protesters gathered in downtown Louisville, Ky., on Saturday to commemorate anniversary of the killing of Breonna Taylor in a botched raid by Louisville police officers.",2,2,0,0,0,0,0,1,0,0,0,0,0,0,0,0,0,1,1,0,0,0,1,1,1,0
1,0,67d47bef1b8777e754726be0_1,67d47bef1b8777e754726be0,Persuasive,1,"A 2007 production of Flight to Freedom: The Story of Margaret Garner, accused of inciting racial violence, at City Center in New York.",2,2,1,1,1,0,0,0,0,0,0,0,0,0,0,0,0,1,0,0,0,0,1,0,1,0
1,0,67d47bef1b8777e754726be0_0,67d47bef1b8777e754726be0,Persuasive,0,Gov. David A. Paterson is seen disrupting a town hall event in Harlem on Thursday.,2,2,1,1,1,0,0,1,0,1,0,0,0,0,0,0,0,1,1,0,0,0,1,0,1,0
1,0,65178713fd459dd31fbfb62b_1,65178713fd459dd31fbfb62b,Persuasive,1,"A 2007 production of Flight to Freedom: The Story of Margaret Garner, accused of inciting racial violence, at City Center in New York.",2,2,1,1,1,0,0,0,0,0,0,0,0,0,0,0,0,1,0,0,0,0,1,1,1,0
1,0,65178713fd459dd31fbfb62b_7,65178713fd459dd31fbfb62b,Persuasive,7,"The police faced off with protesters during a violent crackdown in Yangon, Myanmar, on Sunday.",2,2,1,1,1,0,0,0,0,0,0,0,0,0,0,0,0,1,1,0,0,0,1,0,1,1
1,0,65178713fd459dd31fbfb62b_6,65178713fd459dd31fbfb62b,Persuasive,6,"From Minneapolis city surveillance video, Minneapolis police are seen attempting to take George Floyd into custody on May 25, 2020.",2,2,0,0,0,0,0,0,0,0,0,0,0,0,0,0,0,0,0,0,0,0,0,1,0,0
1,0,65178713fd459dd31fbfb62b_3,65178713fd459dd31fbfb62b,Persuasive,3,Ethnic Tibetan delegates are arrested in front of the Great Hall of the People in Beijing on Wednesday.,2,2,1,1,1,0,0,1,0,0,0,0,0,0,0,0,0,0,0,0,0,0,1,0,1,0
0,2,5e35373e1ddb124e6c306747_2,5e35373e1ddb124e6c306747,Persuasive,2,"A woman rejoices over the destruction caused by the tsunami in Pelluhue, Chile, on Tuesday.",2,2,1,1,1,0,0,0,0,1,0,1,1,0,0,0,1,1,0,0,0,0,1,1,1,1
0,0,5e35373e1ddb124e6c306747_1,5e35373e1ddb124e6c306747,Persuasive,1,"A 2007 production of Flight to Freedom: The Story of Margaret Garner, accused of inciting racial violence, at City Center in New York.",2,2,1,1,1,0,0,1,0,0,0,0,0,0,0,0,0,1,0,0,0,0,1,0,1,1
1,0,5e35373e1ddb124e6c306747_4,5e35373e1ddb124e6c306747,Persuasive,4,"Investigators at the scene of the ambush in Coatepec Harinas, Mexico, on Thursday.",2,2,0,0,1,0,0,1,0,0,0,0,0,0,0,0,0,0,0,0,0,0,1,0,1,0
1,0,5e35373e1ddb124e6c306747_6,5e35373e1ddb124e6c306747,Persuasive,6,"From Minneapolis city surveillance video, Minneapolis police are seen attempting to take George Floyd into custody on May 25, 2020.",2,2,0,1,1,0,0,0,0,0,0,0,0,0,0,0,0,0,0,0,0,0,1,0,0,0
1,0,67e711daa771e0a8ad8c36f6_1,67e711daa771e0a8ad8c36f6,Persuasive,1,"A 2007 production of Flight to Freedom: The Story of Margaret Garner, accused of inciting racial violence, at City Center in New York.",2,2,1,1,1,0,0,0,0,0,0,0,0,0,0,0,0,1,0,0,0,0,1,0,1,0
1,0,67e711daa771e0a8ad8c36f6_5,67e711daa771e0a8ad8c36f6,Persuasive,5,"Protesters gathered in downtown Louisville, Ky., on Saturday to commemorate anniversary of the killing of Breonna Taylor in a botched raid by Louisville police officers.",2,2,0,0,0,0,0,0,0,0,0,0,0,0,0,0,0,1,0,0,0,0,1,0,1,0
0,2,67e711daa771e0a8ad8c36f6_2,67e711daa771e0a8ad8c36f6,Persuasive,2,"A woman rejoices over the destruction caused by the tsunami in Pelluhue, Chile, on Tuesday.",2,2,1,1,1,0,0,0,0,1,0,0,1,0,0,0,0,1,0,0,0,0,1,0,1,0
1,0,67e711daa771e0a8ad8c36f6_4,67e711daa771e0a8ad8c36f6,Persuasive,4,"Investigators at the scene of the ambush in Coatepec Harinas, Mexico, on Thursday.",2,2,0,1,1,0,0,1,0,0,0,0,0,0,0,0,0,1,0,0,0,0,1,0,1,0
1,0,671cd612f039f8a9b5e55cca_1,671cd612f039f8a9b5e55cca,Persuasive,1,"A 2007 production of Flight to Freedom: The Story of Margaret Garner, accused of inciting racial violence, at City Center in New York.",2,2,1,1,1,0,0,1,0,0,0,0,0,0,0,0,0,0,0,0,0,0,1,1,1,0
1,0,671cd612f039f8a9b5e55cca_3,671cd612f039f8a9b5e55cca,Persuasive,3,Ethnic Tibetan delegates are arrested in front of the Great Hall of the People in Beijing on Wednesday.,2,2,1,1,1,0,1,1,0,1,0,0,0,0,0,0,0,1,0,0,0,0,1,0,1,0
1,0,671cd612f039f8a9b5e55cca_6,671cd612f039f8a9b5e55cca,Persuasive,6,"From Minneapolis city surveillance video, Minneapolis police are seen attempting to take George Floyd into custody on May 25, 2020.",2,2,0,0,1,0,0,0,0,0,0,0,0,0,0,0,0,1,0,0,0,0,1,1,0,0
1,1,671cd612f039f8a9b5e55cca_5,671cd612f039f8a9b5e55cca,Persuasive,5,"Protesters gathered in downtown Louisville, Ky., on Saturday to commemorate anniversary of the killing of Breonna Taylor in a botched raid by Louisville police officers.",2,2,1,1,1,0,1,1,0,0,0,0,1,0,0,0,0,1,1,0,0,0,1,0,1,1
1,0,6023f94d1951e70ae21770ec_3,6023f94d1951e70ae21770ec,Persuasive,3,"President Mahmoud Ahmadinejad, center, incites violence and unrest at a rally in Tehran on Thursday.",3,4,0,1,1,0,0,1,1,1,0,0,0,0,0,0,0,0,0,0,0,0,1,1,1,0
1,0,6023f94d1951e70ae21770ec_6,6023f94d1951e70ae21770ec,Persuasive,6,"More than 4,100 migrant children and families were packed on Tuesday into a Texas border facility designed for 250 people.",3,4,1,1,1,0,1,1,0,0,0,0,0,0,0,0,0,1,0,0,0,0,1,1,1,0
1,2,6023f94d1951e70ae21770ec_2,6023f94d1951e70ae21770ec,Persuasive,2,Bangkok residents wave flags in celebration of a new government on Wednesday.,3,4,1,1,1,0,0,1,0,1,0,1,1,0,0,0,0,1,1,0,1,0,1,0,1,1
1,0,6023f94d1951e70ae21770ec_7,6023f94d1951e70ae21770ec,Persuasive,7,"Protesters using slingshots during a protest in Yangon, Myanmar, last month.",3,4,1,0,0,0,0,1,0,0,0,0,0,0,0,0,0,1,1,0,0,0,1,0,1,0
1,0,6650a822a7a14d7179997510_3,6650a822a7a14d7179997510,Persuasive,3,"President Mahmoud Ahmadinejad, center, incites violence and unrest at a rally in Tehran on Thursday.",3,4,1,0,1,0,0,1,0,1,0,0,0,0,0,0,0,0,0,1,0,0,1,1,1,0
1,0,6650a822a7a14d7179997510_6,6650a822a7a14d7179997510,Persuasive,6,"More than 4,100 migrant children and families were packed on Tuesday into a Texas border facility designed for 250 people.",3,4,0,0,0,0,0,1,0,0,0,0,0,0,0,0,0,1,1,0,0,0,1,1,1,0
1,0,6650a822a7a14d7179997510_2,6650a822a7a14d7179997510,Persuasive,2,Bangkok residents wave flags in celebration of a new government on Wednesday.,3,4,1,1,1,0,0,1,0,0,0,0,0,0,0,0,0,0,1,0,1,0,1,0,1,1
1,0,6650a822a7a14d7179997510_5,6650a822a7a14d7179997510,Persuasive,5,Waiting for the Pfizer vaccine at the St. Fidelis Parish in Toronto on Wednesday.,3,4,0,0,0,0,0,0,0,0,0,0,0,0,0,0,0,0,1,0,0,0,1,0,1,0
1,0,5c4f5967aac8be0001716a65_4,5c4f5967aac8be0001716a65,Persuasive,4,"Recaptured inmates are led by the police outside the Croix-des-Bouquets Civil Prison after an attempted breakout, in Port-au-Prince, Haiti, on Thursday.",3,4,0,0,0,0,0,0,0,0,0,0,0,0,0,0,0,0,0,0,0,0,1,0,1,0
1,0,5c4f5967aac8be0001716a65_3,5c4f5967aac8be0001716a65,Persuasive,3,"President Mahmoud Ahmadinejad, center, incites violence and unrest at a rally in Tehran on Thursday.",3,4,1,1,1,0,0,1,0,1,0,0,0,0,0,0,0,0,0,0,0,0,1,0,1,0
1,0,5c4f5967aac8be0001716a65_2,5c4f5967aac8be0001716a65,Persuasive,2,Bangkok residents wave flags in celebration of a new government on Wednesday.,3,4,1,1,1,0,0,1,0,0,0,0,0,0,0,0,0,0,0,0,0,0,1,0,1,0
1,0,5c4f5967aac8be0001716a65_6,5c4f5967aac8be0001716a65,Persuasive,6,"More than 4,100 migrant children and families were packed on Tuesday into a Texas border facility designed for 250 people.",3,4,1,1,1,0,0,0,0,0,0,0,1,0,0,0,0,0,0,0,0,0,1,0,1,0
1,0,66abf0c472f051b5e40cfbfd_4,66abf0c472f051b5e40cfbfd,Persuasive,4,"Recaptured inmates are led by the police outside the Croix-des-Bouquets Civil Prison after an attempted breakout, in Port-au-Prince, Haiti, on Thursday.",3,4,0,1,1,0,0,0,0,0,0,0,1,0,0,0,0,0,1,0,0,0,1,1,1,0
0,0,66abf0c472f051b5e40cfbfd_1,66abf0c472f051b5e40cfbfd,Persuasive,1,"The Russian men's biathlon relay team is disqualified for doping at the Olympic Games last month, adding to Russia's shame after dismal performances by its athletes.",3,4,0,0,0,0,0,1,0,0,0,0,0,0,0,0,0,1,1,1,0,0,1,1,1,0
1,0,66abf0c472f051b5e40cfbfd_7,66abf0c472f051b5e40cfbfd,Persuasive,7,"Protesters using slingshots during a protest in Yangon, Myanmar, last month.",3,4,1,1,1,0,0,0,0,0,0,0,1,0,0,0,0,1,1,0,0,0,1,1,1,0
1,0,66abf0c472f051b5e40cfbfd_0,66abf0c472f051b5e40cfbfd,Persuasive,0,Gov. David A. Paterson incites a riot at a town hall meeting in Brooklyn on Monday.,3,4,1,1,1,0,0,1,0,0,0,0,0,0,0,0,0,1,1,0,0,0,1,0,1,0
1,0,660cda55786e37b1cbb49717_6,660cda55786e37b1cbb49717,Persuasive,6,"More than 4,100 migrant children and families were packed on Tuesday into a Texas border facility designed for 250 people.",3,4,0,0,0,0,0,1,0,0,0,0,0,0,0,0,0,1,0,0,0,0,1,1,1,0
1,2,660cda55786e37b1cbb49717_2,660cda55786e37b1cbb49717,Persuasive,2,Bangkok residents wave flags in celebration of a new government on Wednesday.,3,4,1,1,1,0,0,1,0,1,0,0,1,0,0,0,0,1,1,0,0,0,1,1,1,0
1,0,660cda55786e37b1cbb49717_5,660cda55786e37b1cbb49717,Persuasive,5,Waiting for the Pfizer vaccine at the St. Fidelis Parish in Toronto on Wednesday.,3,4,0,0,1,0,0,1,0,1,0,0,0,0,0,0,0,0,1,0,0,0,1,1,1,0
0,0,660cda55786e37b1cbb49717_1,660cda55786e37b1cbb49717,Persuasive,1,"The Russian men's biathlon relay team is disqualified for doping at the Olympic Games last month, adding to Russia's shame after dismal performances by its athletes.",3,4,1,1,1,0,0,1,0,0,0,0,0,0,0,0,0,1,0,0,0,0,1,1,1,1
0,1,676304145bbe20d1fd5d653c_3,676304145bbe20d1fd5d653c,Persuasive,3,"President Mahmoud Ahmadinejad, center, incites violence and unrest at a rally in Tehran on Thursday.",3,4,1,1,1,0,0,1,0,0,0,0,0,0,0,0,0,1,1,0,1,0,1,1,1,1
1,0,676304145bbe20d1fd5d653c_0,676304145bbe20d1fd5d653c,Persuasive,0,Gov. David A. Paterson incites a riot at a town hall meeting in Brooklyn on Monday.,3,4,1,1,1,0,1,1,1,0,0,0,0,0,0,0,0,1,0,0,0,0,1,0,1,1
1,0,676304145bbe20d1fd5d653c_5,676304145bbe20d1fd5d653c,Persuasive,5,Waiting for the Pfizer vaccine at the St. Fidelis Parish in Toronto on Wednesday.,3,4,0,0,0,0,0,1,0,1,0,0,0,0,0,0,0,0,1,0,0,0,1,1,1,0
1,0,676304145bbe20d1fd5d653c_4,676304145bbe20d1fd5d653c,Persuasive,4,"Recaptured inmates are led by the police outside the Croix-des-Bouquets Civil Prison after an attempted breakout, in Port-au-Prince, Haiti, on Thursday.",3,4,0,0,0,0,0,1,0,0,0,0,0,0,0,0,0,1,0,0,0,0,1,1,1,0
1,0,667d81a95170bdd075f74203_1,667d81a95170bdd075f74203,Persuasive,1,"The Russian men's biathlon relay team is disqualified for doping at the Olympic Games last month, adding to Russia's shame after dismal performances by its athletes.",3,4,1,1,1,0,0,1,0,0,0,0,0,0,0,0,0,1,1,0,0,0,1,1,1,1
1,2,667d81a95170bdd075f74203_0,667d81a95170bdd075f74203,Persuasive,0,Gov. David A. Paterson incites a riot at a town hall meeting in Brooklyn on Monday.,3,4,1,1,1,0,0,1,0,0,0,0,1,0,0,0,0,1,0,0,0,0,1,1,1,0
1,0,667d81a95170bdd075f74203_7,667d81a95170bdd075f74203,Persuasive,7,"Protesters using slingshots during a protest in Yangon, Myanmar, last month.",3,4,1,1,1,0,0,1,0,1,0,0,0,0,0,0,0,0,1,0,0,0,1,1,1,0
1,0,667d81a95170bdd075f74203_6,667d81a95170bdd075f74203,Persuasive,6,"More than 4,100 migrant children and families were packed on Tuesday into a Texas border facility designed for 250 people.",3,4,0,0,1,0,0,1,0,0,0,0,0,0,0,0,0,1,1,0,0,0,1,1,1,0
1,0,66231fc6e1ecba676935943a_4,66231fc6e1ecba676935943a,Persuasive,4,"Recaptured inmates are led by the police outside the Croix-des-Bouquets Civil Prison after an attempted breakout, in Port-au-Prince, Haiti, on Thursday.",3,4,0,1,1,0,0,1,0,0,0,0,0,0,0,0,0,0,1,0,0,0,1,1,1,0
1,1,66231fc6e1ecba676935943a_2,66231fc6e1ecba676935943a,Persuasive,2,Bangkok residents wave flags in celebration of a new government on Wednesday.,3,4,1,1,1,0,0,1,1,0,0,1,1,0,0,0,0,1,1,0,0,0,1,0,1,1
1,0,66231fc6e1ecba676935943a_5,66231fc6e1ecba676935943a,Persuasive,5,Waiting for the Pfizer vaccine at the St. Fidelis Parish in Toronto on Wednesday.,3,4,0,1,1,0,0,1,1,1,0,0,0,0,0,0,0,0,1,0,0,0,1,1,1,0
1,0,66231fc6e1ecba676935943a_3,66231fc6e1ecba676935943a,Persuasive,3,"President Mahmoud Ahmadinejad, center, incites violence and unrest at a rally in Tehran on Thursday.",3,4,1,1,1,0,0,1,0,0,0,0,1,0,0,0,0,1,1,0,0,0,1,1,1,0
0,0,67db3dd91c05b7278a0aad44_1,67db3dd91c05b7278a0aad44,Persuasive,1,"The Russian men's biathlon relay team is disqualified for doping at the Olympic Games last month, adding to Russia's shame after dismal performances by its athletes.",3,4,1,1,1,0,0,1,0,0,0,0,1,0,0,0,0,1,1,1,0,0,1,0,1,1
1,0,67db3dd91c05b7278a0aad44_2,67db3dd91c05b7278a0aad44,Persuasive,2,Bangkok residents wave flags in celebration of a new government on Wednesday.,3,4,1,1,1,0,0,1,0,0,0,0,0,0,0,0,0,0,1,0,1,0,1,1,1,0
1,0,67db3dd91c05b7278a0aad44_5,67db3dd91c05b7278a0aad44,Persuasive,5,Waiting for the Pfizer vaccine at the St. Fidelis Parish in Toronto on Wednesday.,3,4,0,0,0,0,0,0,0,1,0,0,0,0,0,0,0,0,1,0,0,0,1,1,1,0
1,0,67db3dd91c05b7278a0aad44_7,67db3dd91c05b7278a0aad44,Persuasive,7,"Protesters using slingshots during a protest in Yangon, Myanmar, last month.",3,4,0,1,1,0,0,1,0,0,0,0,0,0,0,0,0,0,0,0,0,0,1,1,1,0
1,0,5ec62902bb44c16b842128f9_5,5ec62902bb44c16b842128f9,Persuasive,5,Waiting for the Pfizer vaccine at the St. Fidelis Parish in Toronto on Wednesday.,3,4,0,1,1,0,0,1,0,1,0,1,0,0,0,0,0,0,1,0,1,0,1,0,1,0
1,0,5ec62902bb44c16b842128f9_3,5ec62902bb44c16b842128f9,Persuasive,3,"President Mahmoud Ahmadinejad, center, incites violence and unrest at a rally in Tehran on Thursday.",3,4,0,0,1,0,0,0,0,0,0,0,1,0,0,0,0,0,0,0,0,0,1,1,1,0
1,0,5ec62902bb44c16b842128f9_2,5ec62902bb44c16b842128f9,Persuasive,2,Bangkok residents wave flags in celebration of a new government on Wednesday.,3,4,1,1,1,0,0,1,0,1,0,0,0,0,0,0,0,0,1,0,0,0,1,1,1,0
1,0,5ec62902bb44c16b842128f9_4,5ec62902bb44c16b842128f9,Persuasive,4,"Recaptured inmates are led by the police outside the Croix-des-Bouquets Civil Prison after an attempted breakout, in Port-au-Prince, Haiti, on Thursday.",3,4,0,1,1,0,1,1,0,0,0,0,0,0,0,0,0,0,0,0,0,0,1,1,1,0
1,1,6526ba5706ea8e4e5cafde48_3,6526ba5706ea8e4e5cafde48,Persuasive,3,"President Mahmoud Ahmadinejad, center, incites violence and unrest at a rally in Tehran on Thursday.",3,4,1,1,1,0,0,0,1,0,0,0,0,0,0,0,0,0,1,0,0,0,1,1,1,0
1,0,6526ba5706ea8e4e5cafde48_6,6526ba5706ea8e4e5cafde48,Persuasive,6,"More than 4,100 migrant children and families were packed on Tuesday into a Texas border facility designed for 250 people.",3,4,1,1,1,0,0,1,0,0,0,0,0,0,0,0,0,1,0,0,0,0,1,0,1,0
1,1,6526ba5706ea8e4e5cafde48_1,6526ba5706ea8e4e5cafde48,Persuasive,1,"The Russian men's biathlon relay team is disqualified for doping at the Olympic Games last month, adding to Russia's shame after dismal performances by its athletes.",3,4,1,1,1,0,0,1,1,0,0,0,0,0,0,0,0,1,1,0,0,0,1,1,1,0
1,0,6526ba5706ea8e4e5cafde48_4,6526ba5706ea8e4e5cafde48,Persuasive,4,"Recaptured inmates are led by the police outside the Croix-des-Bouquets Civil Prison after an attempted breakout, in Port-au-Prince, Haiti, on Thursday.",3,4,1,1,1,0,1,1,0,1,0,0,0,0,0,0,0,1,1,0,0,0,1,1,1,0
1,0,678f0bb28ec3307e4f1afb78_3,678f0bb28ec3307e4f1afb78,Persuasive,3,"President Mahmoud Ahmadinejad, center, incites violence and unrest at a rally in Tehran on Thursday.",3,4,1,1,1,0,0,1,0,0,0,0,1,0,0,0,0,1,1,0,0,0,1,1,1,0
1,1,678f0bb28ec3307e4f1afb78_2,678f0bb28ec3307e4f1afb78,Persuasive,2,Bangkok residents wave flags in celebration of a new government on Wednesday.,3,4,1,1,1,0,0,0,0,1,0,0,1,0,0,0,0,1,1,0,0,0,1,0,1,1
1,0,678f0bb28ec3307e4f1afb78_5,678f0bb28ec3307e4f1afb78,Persuasive,5,Waiting for the Pfizer vaccine at the St. Fidelis Parish in Toronto on Wednesday.,3,4,1,1,1,0,0,0,0,1,0,0,1,0,0,0,0,1,1,0,0,0,1,0,1,1
1,0,678f0bb28ec3307e4f1afb78_6,678f0bb28ec3307e4f1afb78,Persuasive,6,"More than 4,100 migrant children and families were packed on Tuesday into a Texas border facility designed for 250 people.",3,4,0,1,1,0,0,1,0,0,0,0,1,0,0,0,0,0,1,0,0,0,1,1,1,0
0,0,673378009f99d14c232c1f2b_0,673378009f99d14c232c1f2b,Persuasive,0,Gov. David A. Paterson incites a riot at a town hall meeting in Brooklyn on Monday.,3,4,1,1,1,0,1,1,1,1,0,0,0,0,0,0,0,1,0,0,0,0,1,1,1,1
1,0,673378009f99d14c232c1f2b_5,673378009f99d14c232c1f2b,Persuasive,5,Waiting for the Pfizer vaccine at the St. Fidelis Parish in Toronto on Wednesday.,3,4,0,1,1,0,0,0,0,1,0,0,0,0,0,0,0,0,1,0,1,0,1,1,1,0
0,0,673378009f99d14c232c1f2b_1,673378009f99d14c232c1f2b,Persuasive,1,"The Russian men's biathlon relay team is disqualified for doping at the Olympic Games last month, adding to Russia's shame after dismal performances by its athletes.",3,4,1,1,1,0,1,1,0,0,0,0,0,0,0,0,0,1,1,0,1,0,1,0,1,1
1,0,673378009f99d14c232c1f2b_4,673378009f99d14c232c1f2b,Persuasive,4,"Recaptured inmates are led by the police outside the Croix-des-Bouquets Civil Prison after an attempted breakout, in Port-au-Prince, Haiti, on Thursday.",3,4,0,1,1,0,0,0,0,1,1,0,1,0,0,0,0,0,1,0,0,0,1,0,1,0
1,0,66293ce3dba0764775195e58_5,66293ce3dba0764775195e58,Persuasive,5,Waiting for the Pfizer vaccine at the St. Fidelis Parish in Toronto on Wednesday.,3,4,1,1,1,0,0,0,0,1,0,0,0,0,0,0,0,0,1,0,0,0,1,0,1,0
1,0,66293ce3dba0764775195e58_2,66293ce3dba0764775195e58,Persuasive,2,Bangkok residents wave flags in celebration of a new government on Wednesday.,3,4,1,1,1,0,0,1,0,0,0,0,1,0,0,0,0,1,1,0,1,0,1,0,1,1
0,0,66293ce3dba0764775195e58_1,66293ce3dba0764775195e58,Persuasive,1,"The Russian men's biathlon relay team is disqualified for doping at the Olympic Games last month, adding to Russia's shame after dismal performances by its athletes.",3,4,1,1,1,0,1,1,0,0,0,0,0,0,0,0,0,0,0,0,0,0,1,1,1,0
1,0,66293ce3dba0764775195e58_7,66293ce3dba0764775195e58,Persuasive,7,"Protesters using slingshots during a protest in Yangon, Myanmar, last month.",3,4,1,1,1,0,1,1,0,0,0,0,0,0,0,0,0,0,0,0,0,0,1,1,1,0
1,0,6797d5ada6654ec99f741b08_3,6797d5ada6654ec99f741b08,Persuasive,3,"President Mahmoud Ahmadinejad, center, incites violence and unrest at a rally in Tehran on Thursday.",3,4,1,1,1,0,0,0,0,0,0,0,0,0,0,0,0,0,0,0,0,0,1,0,1,0
0,0,6797d5ada6654ec99f741b08_1,6797d5ada6654ec99f741b08,Persuasive,1,"The Russian men's biathlon relay team is disqualified for doping at the Olympic Games last month, adding to Russia's shame after dismal performances by its athletes.",3,4,1,0,1,0,1,1,0,1,0,0,0,0,0,0,0,0,0,1,0,0,1,1,1,0
1,0,6797d5ada6654ec99f741b08_6,6797d5ada6654ec99f741b08,Persuasive,6,"More than 4,100 migrant children and families were packed on Tuesday into a Texas border facility designed for 250 people.",3,4,0,1,1,0,0,1,0,0,0,0,0,0,0,0,0,0,0,0,0,0,1,0,1,0
1,0,6797d5ada6654ec99f741b08_7,6797d5ada6654ec99f741b08,Persuasive,7,"Protesters using slingshots during a protest in Yangon, Myanmar, last month.",3,4,0,0,1,0,0,1,0,0,0,0,0,0,0,0,0,0,1,0,0,0,1,1,1,0
1,0,66cb2e0bd2169db778550269_7,66cb2e0bd2169db778550269,Persuasive,7,"Protesters using slingshots during a protest in Yangon, Myanmar, last month.",3,4,0,1,1,0,0,1,0,0,0,0,1,0,0,0,0,1,0,0,0,0,1,0,1,1
0,0,66cb2e0bd2169db778550269_1,66cb2e0bd2169db778550269,Persuasive,1,"The Russian men's biathlon relay team is disqualified for doping at the Olympic Games last month, adding to Russia's shame after dismal performances by its athletes.",3,4,0,0,1,0,1,1,0,1,0,0,0,0,0,0,0,1,0,0,1,0,1,0,1,0
1,0,66cb2e0bd2169db778550269_4,66cb2e0bd2169db778550269,Persuasive,4,"Recaptured inmates are led by the police outside the Croix-des-Bouquets Civil Prison after an attempted breakout, in Port-au-Prince, Haiti, on Thursday.",3,4,0,0,0,0,0,1,0,1,0,0,0,0,0,0,0,0,0,0,0,0,1,0,1,0
0,1,66cb2e0bd2169db778550269_0,66cb2e0bd2169db778550269,Persuasive,0,Gov. David A. Paterson incites a riot at a town hall meeting in Brooklyn on Monday.,3,4,1,1,1,0,0,1,0,0,0,0,1,0,0,0,0,1,1,0,0,0,1,0,1,1
1,0,5caccbc4976d010014b9cd9d_6,5caccbc4976d010014b9cd9d,Persuasive,6,"More than 4,100 migrant children and families were packed on Tuesday into a Texas border facility designed for 250 people.",3,4,1,1,1,0,0,1,0,0,0,0,0,0,0,0,0,0,1,0,0,0,1,0,1,0
1,0,5caccbc4976d010014b9cd9d_5,5caccbc4976d010014b9cd9d,Persuasive,5,Waiting for the Pfizer vaccine at the St. Fidelis Parish in Toronto on Wednesday.,3,4,0,0,1,0,0,1,0,1,0,0,0,0,0,0,0,1,1,0,0,0,1,0,1,0
1,1,5caccbc4976d010014b9cd9d_2,5caccbc4976d010014b9cd9d,Persuasive,2,Bangkok residents wave flags in celebration of a new government on Wednesday.,3,4,1,1,1,0,0,0,0,1,0,1,1,0,0,0,0,1,1,0,1,0,1,0,1,1
1,0,5caccbc4976d010014b9cd9d_1,5caccbc4976d010014b9cd9d,Persuasive,1,"The Russian men's biathlon relay team is disqualified for doping at the Olympic Games last month, adding to Russia's shame after dismal performances by its athletes.",3,4,1,1,1,0,1,1,0,0,0,0,1,0,0,0,0,1,1,1,0,0,1,1,1,0
1,0,56b43607c54e3c000d3c9b0b_7,56b43607c54e3c000d3c9b0b,Persuasive,7,"Protesters using slingshots during a protest in Yangon, Myanmar, last month.",3,4,0,1,1,0,0,0,0,0,0,0,0,0,0,0,0,0,0,0,0,0,1,1,1,0
1,0,56b43607c54e3c000d3c9b0b_6,56b43607c54e3c000d3c9b0b,Persuasive,6,"More than 4,100 migrant children and families were packed on Tuesday into a Texas border facility designed for 250 people.",3,4,1,1,1,0,0,0,0,0,0,0,0,0,0,0,0,0,0,0,0,0,1,1,1,0
0,0,56b43607c54e3c000d3c9b0b_2,56b43607c54e3c000d3c9b0b,Persuasive,2,Bangkok residents wave flags in celebration of a new government on Wednesday.,3,4,1,1,1,0,0,1,0,0,0,0,1,0,0,0,0,1,1,0,0,0,1,0,1,1
1,0,56b43607c54e3c000d3c9b0b_3,56b43607c54e3c000d3c9b0b,Persuasive,3,"President Mahmoud Ahmadinejad, center, incites violence and unrest at a rally in Tehran on Thursday.",3,4,1,1,1,0,0,1,1,0,0,0,0,0,0,0,0,0,0,0,0,0,1,1,1,0
1,0,664921b8a4c8fcf533571f7a_1,664921b8a4c8fcf533571f7a,Persuasive,1,"The Russian men's biathlon relay team is disqualified for doping at the Olympic Games last month, adding to Russia's shame after dismal performances by its athletes.",3,4,1,1,1,0,1,1,1,0,0,0,1,0,0,0,0,1,1,1,0,0,1,0,1,0
0,0,664921b8a4c8fcf533571f7a_0,664921b8a4c8fcf533571f7a,Persuasive,0,Gov. David A. Paterson incites a riot at a town hall meeting in Brooklyn on Monday.,3,4,1,1,1,0,0,1,1,0,0,0,1,0,0,0,0,1,0,0,0,0,1,0,1,1
1,0,664921b8a4c8fcf533571f7a_7,664921b8a4c8fcf533571f7a,Persuasive,7,"Protesters using slingshots during a protest in Yangon, Myanmar, last month.",3,4,1,1,1,0,0,0,0,0,0,0,0,0,0,0,0,1,1,0,0,0,1,0,1,1
1,1,664921b8a4c8fcf533571f7a_5,664921b8a4c8fcf533571f7a,Persuasive,5,Waiting for the Pfizer vaccine at the St. Fidelis Parish in Toronto on Wednesday.,3,4,0,1,1,0,0,0,0,1,0,0,0,0,0,0,0,1,1,0,0,0,1,1,1,0
1,0,65c18c789a79785086046517_6,65c18c789a79785086046517,Persuasive,6,"More than 4,100 migrant children and families were packed on Tuesday into a Texas border facility designed for 250 people.",3,4,1,1,1,0,1,1,0,0,0,0,0,0,0,0,0,1,0,0,0,0,1,1,1,0
1,0,65c18c789a79785086046517_1,65c18c789a79785086046517,Persuasive,1,"The Russian men's biathlon relay team is disqualified for doping at the Olympic Games last month, adding to Russia's shame after dismal performances by its athletes.",3,4,0,0,1,0,1,1,0,0,0,0,1,0,0,0,0,1,1,1,0,0,1,0,1,0
1,0,65c18c789a79785086046517_2,65c18c789a79785086046517,Persuasive,2,Bangkok residents wave flags in celebration of a new government on Wednesday.,3,4,1,1,1,0,0,1,0,0,0,0,0,0,0,0,0,1,1,0,0,0,1,1,1,1
1,0,65c18c789a79785086046517_4,65c18c789a79785086046517,Persuasive,4,"Recaptured inmates are led by the police outside the Croix-des-Bouquets Civil Prison after an attempted breakout, in Port-au-Prince, Haiti, on Thursday.",3,4,0,1,1,0,0,0,0,0,0,0,0,0,0,0,0,0,0,0,0,0,1,1,1,0
1,0,651865050634b0ca55fc0d0d_2,651865050634b0ca55fc0d0d,Persuasive,2,Bangkok residents wave flags in celebration of a new government on Wednesday.,3,4,1,1,1,0,0,1,0,1,0,0,1,0,0,0,0,1,1,0,0,0,1,1,1,0
1,0,651865050634b0ca55fc0d0d_0,651865050634b0ca55fc0d0d,Persuasive,0,Gov. David A. Paterson incites a riot at a town hall meeting in Brooklyn on Monday.,3,4,1,1,1,0,0,1,1,0,0,0,1,0,0,0,0,1,1,0,0,0,1,1,1,1
1,0,651865050634b0ca55fc0d0d_6,651865050634b0ca55fc0d0d,Persuasive,6,"More than 4,100 migrant children and families were packed on Tuesday into a Texas border facility designed for 250 people.",3,4,1,1,1,0,0,1,0,0,0,0,0,0,0,0,0,1,1,0,0,0,1,1,1,0
1,0,651865050634b0ca55fc0d0d_4,651865050634b0ca55fc0d0d,Persuasive,4,"Recaptured inmates are led by the police outside the Croix-des-Bouquets Civil Prison after an attempted breakout, in Port-au-Prince, Haiti, on Thursday.",3,4,0,0,1,0,0,1,0,0,0,0,0,0,0,0,0,1,0,0,0,0,1,1,1,0
1,1,6604610e7a4c3d8b8aa2309f_3,6604610e7a4c3d8b8aa2309f,Persuasive,3,"President Mahmoud Ahmadinejad, center, incites violence and unrest at a rally in Tehran on Thursday.",3,4,1,1,1,0,0,1,0,0,0,0,0,0,0,0,0,0,0,0,0,0,1,1,1,0
1,1,6604610e7a4c3d8b8aa2309f_5,6604610e7a4c3d8b8aa2309f,Persuasive,5,Waiting for the Pfizer vaccine at the St. Fidelis Parish in Toronto on Wednesday.,3,4,1,0,1,0,0,0,0,1,0,0,0,0,0,0,0,0,0,0,0,0,1,1,1,0
1,0,6604610e7a4c3d8b8aa2309f_4,6604610e7a4c3d8b8aa2309f,Persuasive,4,"Recaptured inmates are led by the police outside the Croix-des-Bouquets Civil Prison after an attempted breakout, in Port-au-Prince, Haiti, on Thursday.",3,4,0,0,0,0,0,1,0,0,0,0,0,0,0,0,0,0,0,0,0,0,1,1,1,0
0,0,6604610e7a4c3d8b8aa2309f_1,6604610e7a4c3d8b8aa2309f,Persuasive,1,"The Russian men's biathlon relay team is disqualified for doping at the Olympic Games last month, adding to Russia's shame after dismal performances by its athletes.",3,4,0,1,1,0,1,1,0,0,0,0,0,0,0,0,0,1,1,1,0,0,1,0,1,0
1,0,67e711daa771e0a8ad8c36f6_7,67e711daa771e0a8ad8c36f6,Persuasive,7,"Protesters using slingshots during a protest in Yangon, Myanmar, last month.",3,4,0,1,1,0,0,1,0,0,0,0,0,0,0,0,0,1,1,0,0,0,1,0,1,0
1,0,67e711daa771e0a8ad8c36f6_3,67e711daa771e0a8ad8c36f6,Persuasive,3,"President Mahmoud Ahmadinejad, center, incites violence and unrest at a rally in Tehran on Thursday.",3,4,0,0,0,0,0,1,0,0,0,0,0,0,0,0,0,0,0,0,0,0,1,0,1,0
1,0,67e711daa771e0a8ad8c36f6_5,67e711daa771e0a8ad8c36f6,Persuasive,5,Waiting for the Pfizer vaccine at the St. Fidelis Parish in Toronto on Wednesday.,3,4,0,0,0,0,0,0,0,0,0,0,0,0,0,0,0,0,1,0,0,0,1,0,1,0
1,2,67e711daa771e0a8ad8c36f6_0,67e711daa771e0a8ad8c36f6,Persuasive,0,Gov. David A. Paterson incites a riot at a town hall meeting in Brooklyn on Monday.,3,4,1,1,1,0,0,1,0,0,0,0,0,0,0,0,0,1,0,0,0,0,1,0,1,0
1,0,601fd27860b197531ca7bdcc_7,601fd27860b197531ca7bdcc,Persuasive,7,"Protesters using slingshots during a protest in Yangon, Myanmar, last month.",3,4,1,1,1,0,0,0,0,0,0,0,0,0,0,0,0,1,1,0,0,0,1,1,1,0
0,0,601fd27860b197531ca7bdcc_1,601fd27860b197531ca7bdcc,Persuasive,1,"The Russian men's biathlon relay team is disqualified for doping at the Olympic Games last month, adding to Russia's shame after dismal performances by its athletes.",3,4,1,1,1,0,1,1,0,0,0,0,0,0,0,0,0,1,1,0,1,0,1,0,1,1
0,1,601fd27860b197531ca7bdcc_2,601fd27860b197531ca7bdcc,Persuasive,2,Bangkok residents wave flags in celebration of a new government on Wednesday.,3,4,1,1,1,0,0,1,0,1,0,1,1,0,0,0,0,1,0,0,0,0,1,1,1,0
1,0,601fd27860b197531ca7bdcc_5,601fd27860b197531ca7bdcc,Persuasive,5,Waiting for the Pfizer vaccine at the St. Fidelis Parish in Toronto on Wednesday.,3,4,0,0,1,0,0,0,0,1,1,1,0,0,0,0,0,0,1,0,0,0,1,1,1,0
1,0,5e916cb9e502b1498e8fc059_1,5e916cb9e502b1498e8fc059,Persuasive,1,"The Russian men's biathlon relay team is disqualified for doping at the Olympic Games last month, adding to Russia's shame after dismal performances by its athletes.",3,4,0,0,1,0,1,1,0,1,0,0,0,0,0,0,0,1,1,1,0,0,1,1,1,0
1,0,5e916cb9e502b1498e8fc059_0,5e916cb9e502b1498e8fc059,Persuasive,0,Gov. David A. Paterson incites a riot at a town hall meeting in Brooklyn on Monday.,3,4,1,1,1,0,0,1,0,0,0,0,0,0,0,0,0,1,0,0,0,0,1,0,1,1
1,0,5e916cb9e502b1498e8fc059_7,5e916cb9e502b1498e8fc059,Persuasive,7,"Protesters using slingshots during a protest in Yangon, Myanmar, last month.",3,4,0,1,1,0,0,1,0,0,0,0,0,0,0,0,0,1,1,0,0,0,1,0,1,0
1,0,5e916cb9e502b1498e8fc059_5,5e916cb9e502b1498e8fc059,Persuasive,5,Waiting for the Pfizer vaccine at the St. Fidelis Parish in Toronto on Wednesday.,3,4,0,0,0,0,0,0,0,0,0,0,0,0,0,0,0,0,1,0,0,0,1,0,1,0
1,0,65fb580ab7fbb2d518ee8eaa_6,65fb580ab7fbb2d518ee8eaa,Persuasive,6,"More than 4,100 migrant children and families were packed on Tuesday into a Texas border facility designed for 250 people.",3,4,1,1,1,0,0,1,0,0,0,0,0,0,0,0,0,1,0,0,0,0,1,1,1,0
1,0,65fb580ab7fbb2d518ee8eaa_4,65fb580ab7fbb2d518ee8eaa,Persuasive,4,"Recaptured inmates are led by the police outside the Croix-des-Bouquets Civil Prison after an attempted breakout, in Port-au-Prince, Haiti, on Thursday.",3,4,0,1,0,0,0,1,0,0,0,0,0,0,0,0,0,0,1,0,0,0,1,1,1,0
1,1,65fb580ab7fbb2d518ee8eaa_2,65fb580ab7fbb2d518ee8eaa,Persuasive,2,Bangkok residents wave flags in celebration of a new government on Wednesday.,3,4,1,1,1,0,0,1,0,1,0,0,1,0,0,0,0,0,1,0,1,0,1,1,1,1
1,0,65fb580ab7fbb2d518ee8eaa_0,65fb580ab7fbb2d518ee8eaa,Persuasive,0,Gov. David A. Paterson incites a riot at a town hall meeting in Brooklyn on Monday.,3,4,1,1,1,0,0,1,0,0,0,0,0,0,0,0,0,1,0,0,0,0,1,0,1,1
1,1,668f8d7343028ae0faa7a907_2,668f8d7343028ae0faa7a907,Persuasive,2,Bangkok residents wave flags in celebration of a new government on Wednesday.,3,4,1,1,1,0,1,1,1,0,0,0,1,0,0,0,0,1,1,0,0,0,1,0,1,0
1,0,668f8d7343028ae0faa7a907_6,668f8d7343028ae0faa7a907,Persuasive,6,"More than 4,100 migrant children and families were packed on Tuesday into a Texas border facility designed for 250 people.",3,4,0,1,1,0,0,1,1,1,0,0,0,0,0,0,0,0,1,0,0,0,1,1,1,0
0,0,668f8d7343028ae0faa7a907_0,668f8d7343028ae0faa7a907,Persuasive,0,Gov. David A. Paterson incites a riot at a town hall meeting in Brooklyn on Monday.,3,4,1,1,1,0,1,1,1,1,0,0,0,0,0,0,1,1,0,0,0,0,1,0,1,0
1,0,668f8d7343028ae0faa7a907_5,668f8d7343028ae0faa7a907,Persuasive,5,Waiting for the Pfizer vaccine at the St. Fidelis Parish in Toronto on Wednesday.,3,4,1,1,1,0,0,1,0,0,0,0,0,0,0,0,0,1,0,0,0,0,1,0,1,0
1,0,666c7b666fa83d9dad4c6451_2,666c7b666fa83d9dad4c6451,Persuasive,2,Bangkok residents wave flags in celebration of a new government on Wednesday.,3,4,1,1,1,0,0,1,0,0,0,0,1,0,0,0,0,1,1,0,0,0,1,0,1,0
1,0,666c7b666fa83d9dad4c6451_5,666c7b666fa83d9dad4c6451,Persuasive,5,Waiting for the Pfizer vaccine at the St. Fidelis Parish in Toronto on Wednesday.,3,4,0,0,0,0,0,0,0,0,0,0,0,0,0,0,0,0,1,0,0,0,1,0,1,0
1,0,666c7b666fa83d9dad4c6451_3,666c7b666fa83d9dad4c6451,Persuasive,3,"President Mahmoud Ahmadinejad, center, incites violence and unrest at a rally in Tehran on Thursday.",3,4,0,0,1,0,0,0,0,1,0,0,0,0,0,0,0,0,1,0,0,0,1,1,1,0
1,0,666c7b666fa83d9dad4c6451_4,666c7b666fa83d9dad4c6451,Persuasive,4,"Recaptured inmates are led by the police outside the Croix-des-Bouquets Civil Prison after an attempted breakout, in Port-au-Prince, Haiti, on Thursday.",3,4,0,0,1,0,0,1,0,1,0,0,0,0,0,0,0,0,0,0,1,0,1,1,1,0
1,0,673ccb0691efe91cd015dcf7_4,673ccb0691efe91cd015dcf7,Persuasive,4,"Recaptured inmates are led by the police outside the Croix-des-Bouquets Civil Prison after an attempted breakout, in Port-au-Prince, Haiti, on Thursday.",3,4,1,1,1,0,0,0,0,0,0,0,1,0,0,0,0,1,1,0,0,0,1,0,1,1
1,0,673ccb0691efe91cd015dcf7_6,673ccb0691efe91cd015dcf7,Persuasive,6,"More than 4,100 migrant children and families were packed on Tuesday into a Texas border facility designed for 250 people.",3,4,0,1,1,0,0,1,0,0,0,0,0,0,0,0,0,1,0,0,0,0,1,0,1,0
0,0,673ccb0691efe91cd015dcf7_1,673ccb0691efe91cd015dcf7,Persuasive,1,"The Russian men's biathlon relay team is disqualified for doping at the Olympic Games last month, adding to Russia's shame after dismal performances by its athletes.",3,4,1,1,1,0,1,1,0,0,0,0,0,0,0,0,0,1,1,0,0,0,1,0,1,0
1,0,673ccb0691efe91cd015dcf7_3,673ccb0691efe91cd015dcf7,Persuasive,3,"President Mahmoud Ahmadinejad, center, incites violence and unrest at a rally in Tehran on Thursday.",3,4,1,0,1,0,0,1,0,0,0,0,0,0,0,0,0,0,1,0,0,0,1,1,1,0
0,0,65624dbc33b93e2696f06d1f_0,65624dbc33b93e2696f06d1f,Persuasive,0,Gov. David A. Paterson incites a riot at a town hall meeting in Brooklyn on Monday.,3,4,1,1,1,0,1,1,0,0,0,0,0,0,0,0,0,1,1,0,0,0,1,0,1,0
1,0,65624dbc33b93e2696f06d1f_6,65624dbc33b93e2696f06d1f,Persuasive,6,"More than 4,100 migrant children and families were packed on Tuesday into a Texas border facility designed for 250 people.",3,4,1,1,1,0,0,1,0,0,0,0,1,0,0,0,0,1,0,0,0,0,1,0,1,0
1,1,65624dbc33b93e2696f06d1f_1,65624dbc33b93e2696f06d1f,Persuasive,1,"The Russian men's biathlon relay team is disqualified for doping at the Olympic Games last month, adding to Russia's shame after dismal performances by its athletes.",3,4,0,0,1,0,0,1,0,1,0,0,0,0,0,0,0,0,0,1,0,0,1,1,1,0
1,0,65624dbc33b93e2696f06d1f_5,65624dbc33b93e2696f06d1f,Persuasive,5,Waiting for the Pfizer vaccine at the St. Fidelis Parish in Toronto on Wednesday.,3,4,0,0,1,0,0,0,0,1,0,0,0,0,0,0,0,0,0,0,0,0,1,0,1,0
1,1,67dac9fec33b7784afd3d08b_5,67dac9fec33b7784afd3d08b,Persuasive,5,Waiting for the Pfizer vaccine at the St. Fidelis Parish in Toronto on Wednesday.,3,4,1,1,1,0,0,0,0,1,0,0,1,0,0,0,0,1,1,0,0,0,1,0,1,1
0,0,67dac9fec33b7784afd3d08b_1,67dac9fec33b7784afd3d08b,Persuasive,1,"The Russian men's biathlon relay team is disqualified for doping at the Olympic Games last month, adding to Russia's shame after dismal performances by its athletes.",3,4,1,1,1,0,1,1,0,0,0,0,0,0,0,0,0,0,0,0,0,0,1,1,1,0
1,0,67dac9fec33b7784afd3d08b_3,67dac9fec33b7784afd3d08b,Persuasive,3,"President Mahmoud Ahmadinejad, center, incites violence and unrest at a rally in Tehran on Thursday.",3,4,1,1,1,0,0,0,0,0,0,0,0,0,0,0,0,0,1,0,0,0,1,1,1,0
1,0,67dac9fec33b7784afd3d08b_7,67dac9fec33b7784afd3d08b,Persuasive,7,"Protesters using slingshots during a protest in Yangon, Myanmar, last month.",3,4,0,1,1,0,0,1,0,0,0,0,0,0,0,0,0,0,0,0,0,0,1,1,1,0
1,0,66b5172c8f0bd3b23ce66c22_6,66b5172c8f0bd3b23ce66c22,Persuasive,6,"More than 4,100 migrant children and families were packed on Tuesday into a Texas border facility designed for 250 people.",3,4,0,0,1,0,0,1,0,0,0,0,0,0,0,0,0,0,0,0,0,0,1,0,1,0
1,0,66b5172c8f0bd3b23ce66c22_5,66b5172c8f0bd3b23ce66c22,Persuasive,5,Waiting for the Pfizer vaccine at the St. Fidelis Parish in Toronto on Wednesday.,3,4,0,0,1,0,0,0,0,1,0,0,0,0,0,0,0,1,1,0,0,0,1,0,1,0
0,0,66b5172c8f0bd3b23ce66c22_3,66b5172c8f0bd3b23ce66c22,Persuasive,3,"President Mahmoud Ahmadinejad, center, incites violence and unrest at a rally in Tehran on Thursday.",3,4,1,1,1,0,0,1,0,0,0,0,1,0,0,0,1,1,0,0,0,0,1,1,1,1
1,1,66b5172c8f0bd3b23ce66c22_2,66b5172c8f0bd3b23ce66c22,Persuasive,2,Bangkok residents wave flags in celebration of a new government on Wednesday.,3,4,0,1,1,0,0,1,0,0,0,0,1,0,0,0,0,0,1,0,0,0,1,0,1,0
1,0,5e06ecd524f9390991997bb7_0,5e06ecd524f9390991997bb7,Persuasive,0,Gov. David A. Paterson incites a riot at a town hall meeting in Brooklyn on Monday.,3,4,1,1,1,0,0,0,1,1,0,0,1,0,0,0,0,1,1,0,0,0,1,0,1,1
1,0,5e06ecd524f9390991997bb7_1,5e06ecd524f9390991997bb7,Persuasive,1,"The Russian men's biathlon relay team is disqualified for doping at the Olympic Games last month, adding to Russia's shame after dismal performances by its athletes.",3,4,0,1,1,0,1,1,0,1,0,0,1,0,0,0,0,1,1,1,0,0,1,1,1,0
1,0,5e06ecd524f9390991997bb7_7,5e06ecd524f9390991997bb7,Persuasive,7,"Protesters using slingshots during a protest in Yangon, Myanmar, last month.",3,4,1,0,1,0,0,1,0,0,0,0,0,0,0,0,0,0,0,0,0,0,1,1,1,0
1,0,5e06ecd524f9390991997bb7_4,5e06ecd524f9390991997bb7,Persuasive,4,"Recaptured inmates are led by the police outside the Croix-des-Bouquets Civil Prison after an attempted breakout, in Port-au-Prince, Haiti, on Thursday.",3,4,0,0,1,0,0,0,0,0,0,0,0,0,0,0,0,0,0,0,0,0,1,1,1,0
1,0,560379c9e372c00011bd4a90_5,560379c9e372c00011bd4a90,Persuasive,5,Waiting for the Pfizer vaccine at the St. Fidelis Parish in Toronto on Wednesday.,3,4,0,0,0,0,0,0,0,1,0,0,0,0,0,0,0,0,0,0,0,0,1,1,1,0
1,0,560379c9e372c00011bd4a90_4,560379c9e372c00011bd4a90,Persuasive,4,"Recaptured inmates are led by the police outside the Croix-des-Bouquets Civil Prison after an attempted breakout, in Port-au-Prince, Haiti, on Thursday.",3,4,1,1,1,0,0,1,0,0,0,0,0,0,0,0,0,0,0,0,0,0,1,1,1,0
0,0,560379c9e372c00011bd4a90_0,560379c9e372c00011bd4a90,Persuasive,0,Gov. David A. Paterson incites a riot at a town hall meeting in Brooklyn on Monday.,3,4,1,1,1,0,0,1,0,0,0,0,1,0,0,0,0,1,1,0,0,0,1,1,1,1
1,0,560379c9e372c00011bd4a90_2,560379c9e372c00011bd4a90,Persuasive,2,Bangkok residents wave flags in celebration of a new government on Wednesday.,3,4,1,1,1,0,0,1,0,0,0,0,1,0,0,0,0,1,0,0,0,0,1,0,1,1
1,0,67f3147d939ee392b2741fb5_4,67f3147d939ee392b2741fb5,Persuasive,4,"Recaptured inmates are led by the police outside the Croix-des-Bouquets Civil Prison after an attempted breakout, in Port-au-Prince, Haiti, on Thursday.",3,4,1,1,1,0,0,1,0,0,0,0,0,0,0,0,0,1,0,0,0,0,1,0,1,1
1,0,67f3147d939ee392b2741fb5_7,67f3147d939ee392b2741fb5,Persuasive,7,"Protesters using slingshots during a protest in Yangon, Myanmar, last month.",3,4,1,1,1,0,0,1,0,0,0,0,0,0,0,0,0,1,1,0,0,0,1,0,1,0
1,1,67f3147d939ee392b2741fb5_0,67f3147d939ee392b2741fb5,Persuasive,0,Gov. David A. Paterson incites a riot at a town hall meeting in Brooklyn on Monday.,3,4,1,1,1,0,0,0,1,0,0,0,1,0,0,0,1,1,0,0,0,0,1,0,1,1
0,0,67f3147d939ee392b2741fb5_1,67f3147d939ee392b2741fb5,Persuasive,1,"The Russian men's biathlon relay team is disqualified for doping at the Olympic Games last month, adding to Russia's shame after dismal performances by its athletes.",3,4,1,1,1,0,1,1,0,0,0,0,0,0,0,0,0,1,1,0,0,0,1,1,1,0
1,0,6792f9facbb387400c5b6119_6,6792f9facbb387400c5b6119,Persuasive,6,"More than 4,100 migrant children and families were packed on Tuesday into a Texas border facility designed for 250 people.",3,4,0,1,1,0,0,1,0,0,0,0,1,0,0,0,0,0,0,0,0,0,1,1,1,0
1,1,6792f9facbb387400c5b6119_2,6792f9facbb387400c5b6119,Persuasive,2,Bangkok residents wave flags in celebration of a new government on Wednesday.,3,4,1,1,1,0,0,1,1,1,0,0,1,0,0,0,0,1,1,0,0,0,1,1,1,0
1,0,6792f9facbb387400c5b6119_4,6792f9facbb387400c5b6119,Persuasive,4,"Recaptured inmates are led by the police outside the Croix-des-Bouquets Civil Prison after an attempted breakout, in Port-au-Prince, Haiti, on Thursday.",3,4,1,1,1,0,0,1,0,1,0,0,0,0,0,0,0,0,0,0,0,0,1,1,1,0
1,0,6792f9facbb387400c5b6119_1,6792f9facbb387400c5b6119,Persuasive,1,"The Russian men's biathlon relay team is disqualified for doping at the Olympic Games last month, adding to Russia's shame after dismal performances by its athletes.",3,4,1,0,0,0,0,1,0,0,0,0,0,0,0,0,0,0,1,0,0,0,1,1,1,0
1,0,640415971520c41606ca4389_4,640415971520c41606ca4389,Persuasive,4,"Recaptured inmates are led by the police outside the Croix-des-Bouquets Civil Prison after an attempted breakout, in Port-au-Prince, Haiti, on Thursday.",3,4,0,0,0,0,0,1,0,0,0,0,0,0,0,0,0,0,1,0,0,0,1,1,1,0
0,0,640415971520c41606ca4389_1,640415971520c41606ca4389,Persuasive,1,"The Russian men's biathlon relay team is disqualified for doping at the Olympic Games last month, adding to Russia's shame after dismal performances by its athletes.",3,4,0,0,0,0,0,1,0,0,0,0,0,0,0,0,0,1,0,0,0,0,1,1,1,0
1,0,640415971520c41606ca4389_5,640415971520c41606ca4389,Persuasive,5,Waiting for the Pfizer vaccine at the St. Fidelis Parish in Toronto on Wednesday.,3,4,0,1,1,0,0,0,0,1,0,0,0,0,0,0,0,0,0,0,0,0,1,1,1,0
1,1,640415971520c41606ca4389_0,640415971520c41606ca4389,Persuasive,0,Gov. David A. Paterson incites a riot at a town hall meeting in Brooklyn on Monday.,3,4,1,1,1,0,0,0,0,1,0,0,0,0,0,0,0,1,0,0,0,0,1,1,1,0
1,0,6287f4819c5fc8c4d48cc885_1,6287f4819c5fc8c4d48cc885,Persuasive,1,"The Russian men's biathlon relay team is disqualified for doping at the Olympic Games last month, adding to Russia's shame after dismal performances by its athletes.",3,4,0,1,1,0,0,1,0,0,0,0,1,0,0,0,0,1,1,1,0,0,1,1,1,0
1,2,6287f4819c5fc8c4d48cc885_2,6287f4819c5fc8c4d48cc885,Persuasive,2,Bangkok residents wave flags in celebration of a new government on Wednesday.,3,4,1,1,1,0,1,1,0,1,0,0,1,0,0,0,1,1,1,1,0,0,1,1,1,0
1,0,6287f4819c5fc8c4d48cc885_4,6287f4819c5fc8c4d48cc885,Persuasive,4,"Recaptured inmates are led by the police outside the Croix-des-Bouquets Civil Prison after an attempted breakout, in Port-au-Prince, Haiti, on Thursday.",3,4,0,1,1,0,0,1,0,1,0,0,0,0,0,0,0,1,0,0,1,0,1,0,1,1
1,0,6287f4819c5fc8c4d48cc885_6,6287f4819c5fc8c4d48cc885,Persuasive,6,"More than 4,100 migrant children and families were packed on Tuesday into a Texas border facility designed for 250 people.",3,4,0,1,1,0,0,1,0,1,0,0,0,0,0,0,0,0,0,0,0,0,1,1,1,0
1,0,5d20189bb34728001a230962_0,5d20189bb34728001a230962,Persuasive,0,Gov. David A. Paterson incites a riot at a town hall meeting in Brooklyn on Monday.,3,4,1,1,1,0,0,1,0,0,0,0,0,0,0,0,0,1,1,0,1,0,1,0,1,1
1,0,5d20189bb34728001a230962_6,5d20189bb34728001a230962,Persuasive,6,"More than 4,100 migrant children and families were packed on Tuesday into a Texas border facility designed for 250 people.",3,4,1,1,1,0,0,0,0,0,0,0,0,0,0,0,0,1,1,0,0,0,1,0,1,0
1,0,5d20189bb34728001a230962_4,5d20189bb34728001a230962,Persuasive,4,"Recaptured inmates are led by the police outside the Croix-des-Bouquets Civil Prison after an attempted breakout, in Port-au-Prince, Haiti, on Thursday.",3,4,1,1,1,0,0,1,0,0,0,0,0,0,0,0,0,1,1,0,0,0,1,0,1,0
1,1,5d20189bb34728001a230962_2,5d20189bb34728001a230962,Persuasive,2,Bangkok residents wave flags in celebration of a new government on Wednesday.,3,4,1,1,1,0,0,1,0,1,0,0,1,0,0,0,0,1,1,0,0,0,1,1,1,1
1,0,5deb341d35575a2547b1f85a_6,5deb341d35575a2547b1f85a,Persuasive,6,"More than 4,100 migrant children and families were packed on Tuesday into a Texas border facility designed for 250 people.",3,4,1,1,1,0,0,1,0,0,0,0,0,0,0,0,0,0,0,0,0,0,1,1,1,0
1,0,5deb341d35575a2547b1f85a_5,5deb341d35575a2547b1f85a,Persuasive,5,Waiting for the Pfizer vaccine at the St. Fidelis Parish in Toronto on Wednesday.,3,4,0,0,1,0,0,0,0,1,0,0,0,0,0,0,0,0,1,0,0,0,1,1,1,0
1,1,5deb341d35575a2547b1f85a_0,5deb341d35575a2547b1f85a,Persuasive,0,Gov. David A. Paterson incites a riot at a town hall meeting in Brooklyn on Monday.,3,4,1,1,1,0,1,1,0,1,0,0,1,0,0,0,0,1,1,0,0,0,1,1,1,1
1,0,5deb341d35575a2547b1f85a_3,5deb341d35575a2547b1f85a,Persuasive,3,"President Mahmoud Ahmadinejad, center, incites violence and unrest at a rally in Tehran on Thursday.",3,4,1,1,1,0,0,1,0,0,0,0,0,0,0,0,0,1,0,0,0,0,1,1,1,0
1,0,66451cf935a985828f197f7e_3,66451cf935a985828f197f7e,Persuasive,3,"President Mahmoud Ahmadinejad, center, incites violence and unrest at a rally in Tehran on Thursday.",3,4,1,0,1,0,1,1,0,1,0,0,0,0,0,0,0,0,1,1,0,0,1,1,1,0
1,0,66451cf935a985828f197f7e_7,66451cf935a985828f197f7e,Persuasive,7,"Protesters using slingshots during a protest in Yangon, Myanmar, last month.",3,4,0,1,1,0,0,1,0,0,0,0,1,0,0,0,0,0,1,0,0,0,1,0,1,1
1,0,66451cf935a985828f197f7e_5,66451cf935a985828f197f7e,Persuasive,5,Waiting for the Pfizer vaccine at the St. Fidelis Parish in Toronto on Wednesday.,3,4,0,0,0,0,0,0,0,0,0,0,0,0,0,0,0,0,1,0,0,0,1,1,1,0
1,0,66451cf935a985828f197f7e_0,66451cf935a985828f197f7e,Persuasive,0,Gov. David A. Paterson incites a riot at a town hall meeting in Brooklyn on Monday.,3,4,1,1,1,0,0,1,1,0,0,0,1,0,0,0,0,1,0,0,0,0,1,0,1,1
1,0,628f9cfbee6de7cc7322fecf_7,628f9cfbee6de7cc7322fecf,Persuasive,7,"Protesters using slingshots during a protest in Yangon, Myanmar, last month.",3,4,1,1,1,0,0,1,0,1,0,0,0,0,0,0,0,0,1,0,0,0,1,0,1,0
1,1,628f9cfbee6de7cc7322fecf_5,628f9cfbee6de7cc7322fecf,Persuasive,5,Waiting for the Pfizer vaccine at the St. Fidelis Parish in Toronto on Wednesday.,3,4,0,1,1,0,0,0,0,1,0,0,0,0,0,ERROR,ERROR,ERROR,ERROR,ERROR,ERROR,ERROR,ERROR,ERROR,ERROR,ERROR
0,1,628f9cfbee6de7cc7322fecf_0,628f9cfbee6de7cc7322fecf,Persuasive,0,Gov. David A. Paterson incites a riot at a town hall meeting in Brooklyn on Monday.,3,4,ERROR,ERROR,ERROR,ERROR,ERROR,ERROR,ERROR,ERROR,ERROR,ERROR,ERROR,ERROR,ERROR,ERROR,ERROR,ERROR,ERROR,ERROR,ERROR,ERROR,1,0,1,1
1,1,628f9cfbee6de7cc7322fecf_2,628f9cfbee6de7cc7322fecf,Persuasive,2,Bangkok residents wave flags in celebration of a new government on Wednesday.,3,4,1,1,1,0,0,1,0,1,0,0,1,0,0,0,0,1,1,0,0,0,1,1,1,0
1,0,5faefcc22be93b11829e84df_1,5faefcc22be93b11829e84df,Persuasive,1,"The Russian men's biathlon relay team is disqualified for doping at the Olympic Games last month, adding to Russia's shame after dismal performances by its athletes.",3,4,1,0,0,0,0,1,0,0,0,0,0,0,0,0,0,0,1,0,0,0,1,1,1,0
1,0,5faefcc22be93b11829e84df_3,5faefcc22be93b11829e84df,Persuasive,3,"President Mahmoud Ahmadinejad, center, incites violence and unrest at a rally in Tehran on Thursday.",3,4,0,0,1,0,0,1,0,1,0,0,0,0,0,0,0,0,1,0,0,0,1,0,1,0
1,0,5faefcc22be93b11829e84df_5,5faefcc22be93b11829e84df,Persuasive,5,Waiting for the Pfizer vaccine at the St. Fidelis Parish in Toronto on Wednesday.,3,4,0,1,0,0,0,0,0,1,0,0,0,0,0,0,0,0,1,0,0,0,1,0,1,0
1,0,5faefcc22be93b11829e84df_6,5faefcc22be93b11829e84df,Persuasive,6,"More than 4,100 migrant children and families were packed on Tuesday into a Texas border facility designed for 250 people.",3,4,0,0,0,0,0,1,0,0,0,0,0,0,0,0,0,1,0,0,0,0,1,0,1,0
1,0,67cf114d88ac6082ae5c17bd_2,67cf114d88ac6082ae5c17bd,Persuasive,2,Bangkok residents wave flags in celebration of a new government on Wednesday.,3,4,1,1,1,0,0,1,0,0,0,0,1,0,0,0,0,1,1,0,0,0,1,1,1,0
1,0,67cf114d88ac6082ae5c17bd_5,67cf114d88ac6082ae5c17bd,Persuasive,5,Waiting for the Pfizer vaccine at the St. Fidelis Parish in Toronto on Wednesday.,3,4,0,1,1,0,0,0,0,1,0,0,0,0,0,0,0,1,1,0,0,0,1,0,1,0
1,0,67cf114d88ac6082ae5c17bd_4,67cf114d88ac6082ae5c17bd,Persuasive,4,"Recaptured inmates are led by the police outside the Croix-des-Bouquets Civil Prison after an attempted breakout, in Port-au-Prince, Haiti, on Thursday.",3,4,1,0,1,0,0,1,0,1,0,0,0,0,0,0,0,1,0,0,0,0,1,1,1,0
0,0,67cf114d88ac6082ae5c17bd_1,67cf114d88ac6082ae5c17bd,Persuasive,1,"The Russian men's biathlon relay team is disqualified for doping at the Olympic Games last month, adding to Russia's shame after dismal performances by its athletes.",3,4,0,0,1,0,1,1,0,1,0,0,1,0,0,0,0,1,0,0,0,0,1,0,1,0
1,1,5e27727328b7b698b037ee6c_2,5e27727328b7b698b037ee6c,Persuasive,2,Bangkok residents wave flags in celebration of a new government on Wednesday.,3,4,1,1,1,0,0,1,1,1,0,0,1,0,0,0,0,1,1,0,0,0,1,1,1,1
1,0,5e27727328b7b698b037ee6c_7,5e27727328b7b698b037ee6c,Persuasive,7,"Protesters using slingshots during a protest in Yangon, Myanmar, last month.",3,4,1,1,1,0,0,0,0,0,0,0,1,0,0,0,0,1,1,0,0,0,1,0,1,1
1,0,5e27727328b7b698b037ee6c_4,5e27727328b7b698b037ee6c,Persuasive,4,"Recaptured inmates are led by the police outside the Croix-des-Bouquets Civil Prison after an attempted breakout, in Port-au-Prince, Haiti, on Thursday.",3,4,1,1,1,0,0,0,0,0,0,0,0,0,0,0,0,0,0,0,0,0,1,1,1,1
1,1,5e27727328b7b698b037ee6c_0,5e27727328b7b698b037ee6c,Persuasive,0,Gov. David A. Paterson incites a riot at a town hall meeting in Brooklyn on Monday.,3,4,1,1,1,0,0,0,0,0,0,0,0,0,0,0,0,1,1,0,0,0,1,0,1,1
1,0,67d47bef1b8777e754726be0_6,67d47bef1b8777e754726be0,Persuasive,6,"More than 4,100 migrant children and families were packed on Tuesday into a Texas border facility designed for 250 people.",3,4,0,0,1,0,0,1,0,0,0,0,0,0,0,0,0,0,0,0,0,0,1,0,1,0
1,0,67d47bef1b8777e754726be0_4,67d47bef1b8777e754726be0,Persuasive,4,"Recaptured inmates are led by the police outside the Croix-des-Bouquets Civil Prison after an attempted breakout, in Port-au-Prince, Haiti, on Thursday.",3,4,0,1,1,0,0,0,0,0,0,0,0,0,0,0,0,1,0,0,0,0,1,0,1,0
1,0,67d47bef1b8777e754726be0_3,67d47bef1b8777e754726be0,Persuasive,3,"President Mahmoud Ahmadinejad, center, incites violence and unrest at a rally in Tehran on Thursday.",3,4,1,1,1,0,0,1,0,1,0,0,0,0,0,0,0,1,1,0,0,0,1,0,1,0
1,0,67d47bef1b8777e754726be0_2,67d47bef1b8777e754726be0,Persuasive,2,Bangkok residents wave flags in celebration of a new government on Wednesday.,3,4,1,1,1,0,0,1,0,1,0,0,0,0,0,0,0,1,1,0,0,0,1,0,1,0
1,0,66881fbe723bc57d75a2c268_6,66881fbe723bc57d75a2c268,Persuasive,6,"More than 4,100 migrant children and families were packed on Tuesday into a Texas border facility designed for 250 people.",3,4,0,0,0,0,0,1,0,0,0,0,0,0,0,0,0,0,1,0,0,0,1,1,1,0
0,0,66881fbe723bc57d75a2c268_0,66881fbe723bc57d75a2c268,Persuasive,0,Gov. David A. Paterson incites a riot at a town hall meeting in Brooklyn on Monday.,3,4,1,1,1,0,1,1,1,1,0,0,0,0,0,0,0,1,1,0,1,0,1,0,1,1
1,0,66881fbe723bc57d75a2c268_5,66881fbe723bc57d75a2c268,Persuasive,5,Waiting for the Pfizer vaccine at the St. Fidelis Parish in Toronto on Wednesday.,3,4,0,0,0,0,0,0,0,0,0,0,0,0,0,0,0,1,1,0,0,0,1,1,1,0
1,1,66881fbe723bc57d75a2c268_2,66881fbe723bc57d75a2c268,Persuasive,2,Bangkok residents wave flags in celebration of a new government on Wednesday.,3,4,1,1,1,0,1,1,0,0,0,0,0,0,0,0,0,1,0,0,0,0,1,0,1,1
1,1,67659224c577c7e97b074f43_0,67659224c577c7e97b074f43,Persuasive,0,Gov. David A. Paterson incites a riot at a town hall meeting in Brooklyn on Monday.,3,4,1,1,1,0,0,1,1,0,0,0,0,0,0,0,0,1,0,0,0,0,1,0,1,1
1,0,67659224c577c7e97b074f43_5,67659224c577c7e97b074f43,Persuasive,5,Waiting for the Pfizer vaccine at the St. Fidelis Parish in Toronto on Wednesday.,3,4,0,1,1,0,0,0,0,0,0,0,0,0,0,0,0,1,1,0,0,0,1,1,1,0
1,0,67659224c577c7e97b074f43_4,67659224c577c7e97b074f43,Persuasive,4,"Recaptured inmates are led by the police outside the Croix-des-Bouquets Civil Prison after an attempted breakout, in Port-au-Prince, Haiti, on Thursday.",3,4,0,0,1,0,0,0,0,0,0,0,0,0,0,0,0,0,0,0,0,0,1,1,1,0
1,0,67659224c577c7e97b074f43_3,67659224c577c7e97b074f43,Persuasive,3,"President Mahmoud Ahmadinejad, center, incites violence and unrest at a rally in Tehran on Thursday.",3,4,1,1,1,0,0,1,0,0,0,0,0,0,0,0,0,0,0,0,0,0,1,1,1,0
1,0,6562421abbbe0dc4b89ad4ff_5,6562421abbbe0dc4b89ad4ff,Persuasive,5,Waiting for the Pfizer vaccine at the St. Fidelis Parish in Toronto on Wednesday.,3,4,1,1,1,0,0,0,0,0,0,0,1,0,0,0,0,1,1,0,0,0,1,0,1,1
1,0,6562421abbbe0dc4b89ad4ff_1,6562421abbbe0dc4b89ad4ff,Persuasive,1,"The Russian men's biathlon relay team is disqualified for doping at the Olympic Games last month, adding to Russia's shame after dismal performances by its athletes.",3,4,1,1,1,0,1,1,0,1,0,0,0,0,0,0,0,1,0,0,0,0,1,1,1,0
0,0,6562421abbbe0dc4b89ad4ff_3,6562421abbbe0dc4b89ad4ff,Persuasive,3,"President Mahmoud Ahmadinejad, center, incites violence and unrest at a rally in Tehran on Thursday.",3,4,1,1,1,0,0,1,0,1,0,0,0,0,0,0,0,1,0,0,0,0,1,1,1,0
1,0,6562421abbbe0dc4b89ad4ff_4,6562421abbbe0dc4b89ad4ff,Persuasive,4,"Recaptured inmates are led by the police outside the Croix-des-Bouquets Civil Prison after an attempted breakout, in Port-au-Prince, Haiti, on Thursday.",3,4,0,0,0,0,0,1,0,0,0,0,0,0,0,0,0,0,0,0,0,0,1,1,1,0
1,0,67c83488e67b25dcb923d96d_3,67c83488e67b25dcb923d96d,Persuasive,3,"President Mahmoud Ahmadinejad, center, incites violence and unrest at a rally in Tehran on Thursday.",3,4,0,1,1,0,0,1,0,0,0,0,0,0,0,0,0,1,0,0,0,0,1,1,1,0
1,0,67c83488e67b25dcb923d96d_5,67c83488e67b25dcb923d96d,Persuasive,5,Waiting for the Pfizer vaccine at the St. Fidelis Parish in Toronto on Wednesday.,3,4,0,1,1,0,0,1,0,1,0,0,0,0,0,0,0,1,1,0,0,0,1,0,1,0
1,0,67c83488e67b25dcb923d96d_4,67c83488e67b25dcb923d96d,Persuasive,4,"Recaptured inmates are led by the police outside the Croix-des-Bouquets Civil Prison after an attempted breakout, in Port-au-Prince, Haiti, on Thursday.",3,4,0,0,1,0,0,1,0,0,0,0,0,0,0,0,0,0,0,0,0,0,1,1,1,0
0,0,67c83488e67b25dcb923d96d_0,67c83488e67b25dcb923d96d,Persuasive,0,Gov. David A. Paterson incites a riot at a town hall meeting in Brooklyn on Monday.,3,4,1,1,1,0,0,1,0,0,0,0,1,0,0,0,0,1,0,0,0,0,1,1,1,0
1,0,5e35373e1ddb124e6c306747_2,5e35373e1ddb124e6c306747,Persuasive,2,Bangkok residents wave flags in celebration of a new government on Wednesday.,3,4,1,1,1,0,0,1,0,0,0,0,1,0,0,0,0,1,1,0,0,0,1,1,1,1
1,0,5e35373e1ddb124e6c306747_3,5e35373e1ddb124e6c306747,Persuasive,3,"President Mahmoud Ahmadinejad, center, incites violence and unrest at a rally in Tehran on Thursday.",3,4,1,1,1,0,0,1,0,0,0,0,0,0,0,0,0,1,0,0,0,0,1,0,1,0
1,0,5e35373e1ddb124e6c306747_7,5e35373e1ddb124e6c306747,Persuasive,7,"Protesters using slingshots during a protest in Yangon, Myanmar, last month.",3,4,1,1,1,0,0,1,0,0,0,0,0,0,0,0,0,1,1,0,0,0,1,1,1,1
1,0,5e35373e1ddb124e6c306747_4,5e35373e1ddb124e6c306747,Persuasive,4,"Recaptured inmates are led by the police outside the Croix-des-Bouquets Civil Prison after an attempted breakout, in Port-au-Prince, Haiti, on Thursday.",3,4,0,1,1,0,0,0,0,0,0,0,0,0,0,0,0,0,0,0,0,0,1,1,1,0
1,1,637545d6428d85daeedc3df5_2,637545d6428d85daeedc3df5,Persuasive,2,Bangkok residents wave flags in celebration of a new government on Wednesday.,3,4,1,1,1,0,0,1,0,1,0,0,0,0,0,0,0,1,0,0,0,0,1,0,1,0
1,0,637545d6428d85daeedc3df5_4,637545d6428d85daeedc3df5,Persuasive,4,"Recaptured inmates are led by the police outside the Croix-des-Bouquets Civil Prison after an attempted breakout, in Port-au-Prince, Haiti, on Thursday.",3,4,1,1,1,0,0,1,0,0,0,0,0,0,0,0,0,0,0,0,1,0,1,0,1,0
1,1,637545d6428d85daeedc3df5_0,637545d6428d85daeedc3df5,Persuasive,0,Gov. David A. Paterson incites a riot at a town hall meeting in Brooklyn on Monday.,3,4,1,1,1,0,1,1,1,1,0,0,1,0,0,0,0,1,0,0,0,0,1,0,1,1
1,0,637545d6428d85daeedc3df5_5,637545d6428d85daeedc3df5,Persuasive,5,Waiting for the Pfizer vaccine at the St. Fidelis Parish in Toronto on Wednesday.,3,4,0,1,1,0,0,0,0,1,0,0,0,0,0,0,0,1,1,0,0,0,1,1,1,1
1,0,675b6bf5887bccb7fad6c44d_7,675b6bf5887bccb7fad6c44d,Persuasive,7,"Protesters using slingshots during a protest in Yangon, Myanmar, last month.",3,4,1,1,1,0,0,1,0,0,0,0,0,0,0,0,0,0,0,0,0,0,1,1,1,0
1,0,675b6bf5887bccb7fad6c44d_1,675b6bf5887bccb7fad6c44d,Persuasive,1,"The Russian men's biathlon relay team is disqualified for doping at the Olympic Games last month, adding to Russia's shame after dismal performances by its athletes.",3,4,1,0,0,0,0,1,0,0,0,0,0,0,0,0,0,1,0,0,0,0,1,1,1,0
1,0,675b6bf5887bccb7fad6c44d_4,675b6bf5887bccb7fad6c44d,Persuasive,4,"Recaptured inmates are led by the police outside the Croix-des-Bouquets Civil Prison after an attempted breakout, in Port-au-Prince, Haiti, on Thursday.",3,4,0,0,1,0,0,0,0,0,0,0,0,0,0,0,0,0,1,0,0,0,1,1,1,0
1,1,675b6bf5887bccb7fad6c44d_2,675b6bf5887bccb7fad6c44d,Persuasive,2,Bangkok residents wave flags in celebration of a new government on Wednesday.,3,4,1,1,1,0,0,1,0,1,0,0,1,0,0,0,0,1,1,0,1,0,1,0,1,1
1,0,66562875b665d8e2b1b6fc66_4,66562875b665d8e2b1b6fc66,Persuasive,4,"Recaptured inmates are led by the police outside the Croix-des-Bouquets Civil Prison after an attempted breakout, in Port-au-Prince, Haiti, on Thursday.",3,4,0,0,0,0,0,1,0,0,0,0,0,0,0,0,0,0,1,0,0,0,1,1,1,0
1,0,66562875b665d8e2b1b6fc66_6,66562875b665d8e2b1b6fc66,Persuasive,6,"More than 4,100 migrant children and families were packed on Tuesday into a Texas border facility designed for 250 people.",3,4,0,0,1,0,0,1,0,0,0,0,0,0,0,0,0,0,0,0,0,0,1,1,1,0
1,0,66562875b665d8e2b1b6fc66_3,66562875b665d8e2b1b6fc66,Persuasive,3,"President Mahmoud Ahmadinejad, center, incites violence and unrest at a rally in Tehran on Thursday.",3,4,1,1,1,0,0,1,0,0,0,0,1,0,0,0,0,1,1,0,0,0,1,1,1,1
1,0,66562875b665d8e2b1b6fc66_0,66562875b665d8e2b1b6fc66,Persuasive,0,Gov. David A. Paterson incites a riot at a town hall meeting in Brooklyn on Monday.,3,4,1,1,1,0,0,1,1,0,0,0,1,0,0,0,0,1,0,0,0,0,1,0,1,1
1,0,647dde92d730823a9e5c7f0f_7,647dde92d730823a9e5c7f0f,Persuasive,7,"Protesters using slingshots during a protest in Yangon, Myanmar, last month.",3,4,0,1,1,0,0,0,0,0,0,0,0,0,0,0,0,0,0,0,0,0,1,1,1,0
1,0,647dde92d730823a9e5c7f0f_0,647dde92d730823a9e5c7f0f,Persuasive,0,Gov. David A. Paterson incites a riot at a town hall meeting in Brooklyn on Monday.,3,4,1,1,1,0,1,1,1,1,0,0,1,0,0,0,0,1,1,0,0,0,1,1,1,1
1,0,647dde92d730823a9e5c7f0f_2,647dde92d730823a9e5c7f0f,Persuasive,2,Bangkok residents wave flags in celebration of a new government on Wednesday.,3,4,1,1,1,0,0,1,0,0,0,0,0,0,0,0,0,1,0,0,1,0,1,0,1,1
1,0,647dde92d730823a9e5c7f0f_6,647dde92d730823a9e5c7f0f,Persuasive,6,"More than 4,100 migrant children and families were packed on Tuesday into a Texas border facility designed for 250 people.",3,4,1,1,1,0,1,1,0,0,0,0,0,0,0,0,0,1,0,0,0,0,1,0,1,0
1,0,5f1b4845cbf55f3192e33b89_2,5f1b4845cbf55f3192e33b89,Persuasive,2,Bangkok residents wave flags in celebration of a new government on Wednesday.,3,4,1,1,1,0,0,1,1,0,0,0,1,0,0,0,0,1,1,0,0,0,1,0,1,1
1,0,5f1b4845cbf55f3192e33b89_4,5f1b4845cbf55f3192e33b89,Persuasive,4,"Recaptured inmates are led by the police outside the Croix-des-Bouquets Civil Prison after an attempted breakout, in Port-au-Prince, Haiti, on Thursday.",3,4,0,1,1,0,0,0,0,0,0,0,0,0,0,0,0,1,1,0,0,0,1,0,1,0
0,0,5f1b4845cbf55f3192e33b89_0,5f1b4845cbf55f3192e33b89,Persuasive,0,Gov. David A. Paterson incites a riot at a town hall meeting in Brooklyn on Monday.,3,4,1,1,1,1,1,0,1,0,0,0,1,0,0,0,0,1,0,0,0,0,1,0,1,1
1,0,5f1b4845cbf55f3192e33b89_7,5f1b4845cbf55f3192e33b89,Persuasive,7,"Protesters using slingshots during a protest in Yangon, Myanmar, last month.",3,4,1,1,1,0,0,1,0,1,0,0,1,0,0,0,0,1,1,0,0,0,1,0,1,0
1,2,5d07fc124e753800168ccafe_2,5d07fc124e753800168ccafe,Persuasive,2,Bangkok residents wave flags in celebration of a new government on Wednesday.,3,4,1,1,1,0,0,0,1,1,0,0,0,0,0,0,0,1,1,0,0,0,1,0,1,0
1,0,5d07fc124e753800168ccafe_5,5d07fc124e753800168ccafe,Persuasive,5,Waiting for the Pfizer vaccine at the St. Fidelis Parish in Toronto on Wednesday.,3,4,0,1,1,0,0,1,0,1,0,0,0,0,0,0,0,0,1,0,0,0,1,0,1,0
0,0,5d07fc124e753800168ccafe_0,5d07fc124e753800168ccafe,Persuasive,0,Gov. David A. Paterson incites a riot at a town hall meeting in Brooklyn on Monday.,3,4,1,1,1,0,0,1,1,0,0,0,1,0,0,0,0,1,1,0,0,0,1,0,1,1
1,0,5d07fc124e753800168ccafe_4,5d07fc124e753800168ccafe,Persuasive,4,"Recaptured inmates are led by the police outside the Croix-des-Bouquets Civil Prison after an attempted breakout, in Port-au-Prince, Haiti, on Thursday.",3,4,0,0,1,0,0,1,0,0,0,0,0,0,0,0,0,0,1,0,0,0,1,0,1,0
1,0,66dd097265650e0dec23231f_2,66dd097265650e0dec23231f,Persuasive,2,Bangkok residents wave flags in celebration of a new government on Wednesday.,3,4,1,1,1,0,0,1,0,0,0,0,0,0,0,0,0,0,1,0,1,0,1,0,1,0
1,0,66dd097265650e0dec23231f_5,66dd097265650e0dec23231f,Persuasive,5,Waiting for the Pfizer vaccine at the St. Fidelis Parish in Toronto on Wednesday.,3,4,0,1,1,0,0,0,0,1,0,0,0,0,0,0,0,0,1,0,0,0,1,1,1,0
1,0,66dd097265650e0dec23231f_6,66dd097265650e0dec23231f,Persuasive,6,"More than 4,100 migrant children and families were packed on Tuesday into a Texas border facility designed for 250 people.",3,4,0,1,1,0,0,1,0,1,0,0,0,0,0,0,0,0,0,0,0,0,1,0,1,0
1,0,66dd097265650e0dec23231f_1,66dd097265650e0dec23231f,Persuasive,1,"The Russian men's biathlon relay team is disqualified for doping at the Olympic Games last month, adding to Russia's shame after dismal performances by its athletes.",3,4,1,1,1,0,1,1,0,0,0,0,0,0,0,0,0,1,0,0,0,0,1,0,1,0
1,0,666b4944d7f80b9099b5af20_7,666b4944d7f80b9099b5af20,Persuasive,7,"Protesters using slingshots during a protest in Yangon, Myanmar, last month.",3,4,0,0,1,0,0,1,0,0,0,0,0,0,0,0,0,0,0,0,0,0,1,1,1,0
1,0,666b4944d7f80b9099b5af20_2,666b4944d7f80b9099b5af20,Persuasive,2,Bangkok residents wave flags in celebration of a new government on Wednesday.,3,4,1,1,1,0,0,0,0,1,0,0,0,0,0,0,0,0,1,0,1,0,1,0,1,0
1,0,666b4944d7f80b9099b5af20_5,666b4944d7f80b9099b5af20,Persuasive,5,Waiting for the Pfizer vaccine at the St. Fidelis Parish in Toronto on Wednesday.,3,4,0,0,0,0,0,0,0,1,0,0,0,0,0,0,0,0,1,0,0,0,1,1,1,0
1,0,666b4944d7f80b9099b5af20_3,666b4944d7f80b9099b5af20,Persuasive,3,"President Mahmoud Ahmadinejad, center, incites violence and unrest at a rally in Tehran on Thursday.",3,4,1,1,1,0,0,1,0,0,0,0,0,0,0,0,0,1,0,0,0,0,1,1,1,1
1,0,677fb35eafd357a07e351a9f_5,677fb35eafd357a07e351a9f,Persuasive,5,Waiting for the Pfizer vaccine at the St. Fidelis Parish in Toronto on Wednesday.,3,4,0,0,1,0,0,0,0,0,0,0,0,0,0,0,0,0,1,0,0,0,1,1,1,0
1,0,677fb35eafd357a07e351a9f_6,677fb35eafd357a07e351a9f,Persuasive,6,"More than 4,100 migrant children and families were packed on Tuesday into a Texas border facility designed for 250 people.",3,4,0,1,1,0,0,1,0,0,0,0,0,0,0,0,0,0,0,0,0,0,1,1,1,0
1,0,677fb35eafd357a07e351a9f_1,677fb35eafd357a07e351a9f,Persuasive,1,"The Russian men's biathlon relay team is disqualified for doping at the Olympic Games last month, adding to Russia's shame after dismal performances by its athletes.",3,4,1,1,1,0,0,1,0,0,0,0,0,0,0,0,0,1,1,1,0,0,1,1,1,0
1,0,677fb35eafd357a07e351a9f_0,677fb35eafd357a07e351a9f,Persuasive,0,Gov. David A. Paterson incites a riot at a town hall meeting in Brooklyn on Monday.,3,4,1,1,1,0,0,1,1,0,0,0,0,0,0,0,0,1,1,0,0,0,1,1,1,0
1,0,6651193f302387e52405119a_4,6651193f302387e52405119a,Persuasive,4,"Recaptured inmates are led by the police outside the Croix-des-Bouquets Civil Prison after an attempted breakout, in Port-au-Prince, Haiti, on Thursday.",3,4,0,0,1,0,0,1,0,0,0,0,1,0,0,0,0,0,1,0,0,0,1,0,1,0
0,1,6651193f302387e52405119a_0,6651193f302387e52405119a,Persuasive,0,Gov. David A. Paterson incites a riot at a town hall meeting in Brooklyn on Monday.,3,4,1,1,1,0,1,1,0,1,0,0,1,0,0,0,0,1,0,0,0,0,1,0,1,1
1,0,6651193f302387e52405119a_5,6651193f302387e52405119a,Persuasive,5,Waiting for the Pfizer vaccine at the St. Fidelis Parish in Toronto on Wednesday.,3,4,0,0,0,0,0,0,0,1,0,0,0,0,0,0,0,1,0,0,0,0,1,0,1,0
1,0,6651193f302387e52405119a_3,6651193f302387e52405119a,Persuasive,3,"President Mahmoud Ahmadinejad, center, incites violence and unrest at a rally in Tehran on Thursday.",3,4,1,1,1,0,0,1,0,0,0,0,0,0,0,0,0,1,0,0,0,0,1,0,1,1
1,0,671cd612f039f8a9b5e55cca_4,671cd612f039f8a9b5e55cca,Persuasive,4,"Recaptured inmates are led by the police outside the Croix-des-Bouquets Civil Prison after an attempted breakout, in Port-au-Prince, Haiti, on Thursday.",3,4,0,1,1,0,0,1,0,1,0,0,0,0,0,0,0,0,1,0,0,0,1,0,1,0
0,1,671cd612f039f8a9b5e55cca_0,671cd612f039f8a9b5e55cca,Persuasive,0,Gov. David A. Paterson incites a riot at a town hall meeting in Brooklyn on Monday.,3,4,1,1,1,0,1,1,1,0,0,0,1,0,0,0,0,1,1,0,0,0,1,1,1,1
1,0,671cd612f039f8a9b5e55cca_7,671cd612f039f8a9b5e55cca,Persuasive,7,"Protesters using slingshots during a protest in Yangon, Myanmar, last month.",3,4,0,1,1,0,0,1,1,1,0,0,0,0,0,0,0,0,1,0,0,0,1,1,1,0
1,1,671cd612f039f8a9b5e55cca_2,671cd612f039f8a9b5e55cca,Persuasive,2,Bangkok residents wave flags in celebration of a new government on Wednesday.,3,4,1,1,1,0,1,1,1,0,0,0,0,0,0,0,0,1,1,0,0,0,1,1,1,0
1,0,674ca2f2b42dd96dc2f71707_5,674ca2f2b42dd96dc2f71707,Persuasive,5,Waiting for the Pfizer vaccine at the St. Fidelis Parish in Toronto on Wednesday.,3,4,0,0,1,0,0,1,0,1,0,0,0,0,0,0,0,0,1,0,0,0,1,1,1,0
1,1,674ca2f2b42dd96dc2f71707_2,674ca2f2b42dd96dc2f71707,Persuasive,2,Bangkok residents wave flags in celebration of a new government on Wednesday.,3,4,1,1,1,0,0,0,0,0,0,0,1,0,0,0,0,1,1,0,0,0,1,1,1,0
1,0,674ca2f2b42dd96dc2f71707_4,674ca2f2b42dd96dc2f71707,Persuasive,4,"Recaptured inmates are led by the police outside the Croix-des-Bouquets Civil Prison after an attempted breakout, in Port-au-Prince, Haiti, on Thursday.",3,4,0,0,1,0,0,0,0,0,0,0,0,0,0,0,0,0,0,0,0,0,1,1,1,0
1,0,674ca2f2b42dd96dc2f71707_0,674ca2f2b42dd96dc2f71707,Persuasive,0,Gov. David A. Paterson incites a riot at a town hall meeting in Brooklyn on Monday.,3,4,1,1,1,0,0,1,1,0,0,0,0,0,0,0,0,0,1,0,0,0,1,0,1,0
1,0,67657279b0bce380fa33721e_5,67657279b0bce380fa33721e,Persuasive,5,Waiting for the Pfizer vaccine at the St. Fidelis Parish in Toronto on Wednesday.,3,4,1,1,1,0,0,1,0,1,0,0,1,0,0,0,0,1,1,0,0,0,1,1,1,1
1,0,67657279b0bce380fa33721e_6,67657279b0bce380fa33721e,Persuasive,6,"More than 4,100 migrant children and families were packed on Tuesday into a Texas border facility designed for 250 people.",3,4,0,1,1,0,0,1,0,0,0,0,1,0,0,0,0,0,1,0,0,0,1,1,1,0
1,1,67657279b0bce380fa33721e_2,67657279b0bce380fa33721e,Persuasive,2,Bangkok residents wave flags in celebration of a new government on Wednesday.,3,4,1,1,1,0,1,1,0,1,0,0,1,0,0,0,0,1,1,0,0,0,1,0,1,0
1,0,67657279b0bce380fa33721e_3,67657279b0bce380fa33721e,Persuasive,3,"President Mahmoud Ahmadinejad, center, incites violence and unrest at a rally in Tehran on Thursday.",3,4,1,1,1,0,0,1,0,0,0,0,0,0,0,0,0,1,1,0,0,0,1,1,1,0
1,0,57165ba7c5aca2000a8d32ca_6,57165ba7c5aca2000a8d32ca,Persuasive,6,"More than 4,100 migrant children and families were packed on Tuesday into a Texas border facility designed for 250 people.",3,4,1,1,1,0,1,1,0,0,0,0,1,0,0,0,0,0,0,0,0,0,1,0,1,1
1,0,57165ba7c5aca2000a8d32ca_2,57165ba7c5aca2000a8d32ca,Persuasive,2,Bangkok residents wave flags in celebration of a new government on Wednesday.,3,4,1,1,1,0,0,1,0,0,0,0,1,0,0,0,0,0,1,0,1,0,1,0,1,1
0,0,57165ba7c5aca2000a8d32ca_1,57165ba7c5aca2000a8d32ca,Persuasive,1,"The Russian men's biathlon relay team is disqualified for doping at the Olympic Games last month, adding to Russia's shame after dismal performances by its athletes.",3,4,1,1,1,0,1,1,0,0,0,0,1,0,0,0,0,1,1,1,0,0,1,1,1,1
1,0,57165ba7c5aca2000a8d32ca_7,57165ba7c5aca2000a8d32ca,Persuasive,7,"Protesters using slingshots during a protest in Yangon, Myanmar, last month.",3,4,1,1,1,0,0,1,0,0,0,0,1,0,0,0,0,1,1,0,0,0,1,0,1,0
1,0,65178713fd459dd31fbfb62b_6,65178713fd459dd31fbfb62b,Persuasive,6,"More than 4,100 migrant children and families were packed on Tuesday into a Texas border facility designed for 250 people.",3,4,0,0,1,0,0,1,0,0,0,0,0,0,0,0,0,1,0,0,0,0,1,0,1,0
1,0,65178713fd459dd31fbfb62b_3,65178713fd459dd31fbfb62b,Persuasive,3,"President Mahmoud Ahmadinejad, center, incites violence and unrest at a rally in Tehran on Thursday.",3,4,1,1,1,0,0,1,0,0,0,0,0,0,0,0,0,1,1,0,0,0,1,1,1,0
0,1,65178713fd459dd31fbfb62b_0,65178713fd459dd31fbfb62b,Persuasive,0,Gov. David A. Paterson incites a riot at a town hall meeting in Brooklyn on Monday.,3,4,1,1,1,0,1,1,1,0,0,0,0,0,1,0,0,1,1,0,0,0,1,0,1,1
1,0,65178713fd459dd31fbfb62b_4,65178713fd459dd31fbfb62b,Persuasive,4,"Recaptured inmates are led by the police outside the Croix-des-Bouquets Civil Prison after an attempted breakout, in Port-au-Prince, Haiti, on Thursday.",3,4,0,0,1,0,0,1,0,1,0,0,0,0,0,0,0,1,1,0,0,0,1,1,1,0
1,0,65599c698363f734b0325aa2_4,65599c698363f734b0325aa2,Persuasive,4,"Recaptured inmates are led by the police outside the Croix-des-Bouquets Civil Prison after an attempted breakout, in Port-au-Prince, Haiti, on Thursday.",3,4,0,0,1,0,0,1,0,0,0,0,0,0,0,0,0,0,0,0,0,0,1,0,1,0
1,0,65599c698363f734b0325aa2_3,65599c698363f734b0325aa2,Persuasive,3,"President Mahmoud Ahmadinejad, center, incites violence and unrest at a rally in Tehran on Thursday.",3,4,1,1,1,0,0,0,1,0,0,0,1,0,0,0,0,1,1,0,0,0,1,1,1,0
1,0,65599c698363f734b0325aa2_0,65599c698363f734b0325aa2,Persuasive,0,Gov. David A. Paterson incites a riot at a town hall meeting in Brooklyn on Monday.,3,4,1,1,1,0,0,1,1,0,0,0,0,0,0,0,0,1,0,0,0,0,1,0,1,1
1,0,65599c698363f734b0325aa2_7,65599c698363f734b0325aa2,Persuasive,7,"Protesters using slingshots during a protest in Yangon, Myanmar, last month.",3,4,1,1,1,0,0,1,0,0,0,0,0,0,0,0,0,1,1,0,0,0,1,0,1,0
